2 0.22576015248704542 0.7658022690437601 0.16262811879380007 0.3095623987034035
2 0.3590950076471796 0.887358184764992 0.20101239527929324 0.21555915721231758
2 0.5409152646837262 0.8760129659643436 0.19899217020110932 0.2350081037277147
2 0.5267736891364393 0.7350081037277146 0.176769694341087 0.21231766612641806
2 0.42071187253178716 0.7001620745542951 0.16060789371561626 0.23662884927066458
2 0.2914174675280206 0.6961102106969207 0.11010226676101997 0.29011345218800655
2 0.0979809162919168 0.5818476499189628 0.1878809322710982 0.4181523500810372
2 0.08701255545683508 0.5989360637864988 0.10858966201145787 0.41815235008104
2 0.13549795733324752 0.5081743133813125 0.10858966201145787 0.41815235008104
2 0.17247634204355422 0.43666632420582024 0.10858966201145784 0.41815235008103996
2 0.1987392680599443 0.3620601648354004 0.10858966201145784 0.41815235008103996
2 0.6872805034670028 0.9108553768784631 0.23775496667065407 0.530969023442906
2 0.8838650558776431 0.49265494603210414 0.22908090900819456 0.3346629636513922
0 0.48939952519003804 0.4586709886547813 0.1404056429337777 0.226904376012966
0 0.6348557308192754 0.46839546191247955 0.15656744355924837 0.22690437601296579
0 0.9651511174013279 0.7423014586709877 0.06969776519734175 0.2269043760129657
2 0.6671122376652862 0.19997458410029295 0.4036630211168136 0.39111747479587355
0 0.3343472504394275 0.4173419773095624 0.13737530531650197 0.20259319286871957
