2 0.32392316822615724 0.7317666126418152 0.28505238803901845 0.22204213938411663
2 0.13520271369439607 0.4991896272285251 0.27040542738879214 0.5478119935170178
2 0.6331993758020883 0.6482982171799027 0.3898344911521752 0.25931928687196115
2 0.531233995890898 0.21717990275526744 0.39546793755610854 0.35332252836304706
2 0.701927421930073 0.26256077795786065 0.2929392130045248 0.48946515397082657
2 0.9236351695757741 0.6304700162074552 0.15272966084845085 0.47001620745542927
2 0.763895332373338 0.8622366288492707 0.34251354135913686 0.23662884927066444
2 0.41574834461026794 0.839546191247974 0.32899326998969713 0.29173419773095616
2 0.3267398914281239 0.35656401944894656 0.13970947081754262 0.2884927066450567
2 0.28279900947744513 0.4538087520259319 0.24336488464991293 0.26256077795786065
