1 0.35516348389824537 0.5575364667747164 0.5018497639348883 0.46029173419773095
1 0.6286554858713267 0.5777957860615884 0.46423789725882636 0.4554294975688818
1 0.19074589528574448 0.8346839546191248 0.11068635050384047 0.04213938411669375
1 0.20686526671834263 0.8087520259319289 0.11068635050384047 0.04213938411669375
1 0.2917606229300261 0.7893030794165317 0.11068635050384047 0.04213938411669375
1 0.2992829962652385 0.826580226904376 0.11068635050384047 0.04213938411669375
1 0.45725283630470015 0.8379254457050245 0.11068635050384047 0.04213938411669375
1 0.39707384962300046 0.8119935170178282 0.11068635050384047 0.04213938411669375
1 0.5593421887111549 0.8460291734197731 0.11068635050384047 0.04213938411669375
1 0.5034617010781481 0.807131280388979 0.11068635050384047 0.04213938411669375
1 0.6786255373123811 0.8395461912479741 0.11068635050384047 0.04213938411669375
1 0.5883570572898316 0.8103727714748784 0.11068635050384047 0.04213938411669375
1 0.6635807906419562 0.7779578606158833 0.11068635050384047 0.04213938411669375
1 0.6893717849341132 0.8119935170178282 0.11068635050384047 0.04213938411669375
1 0.7495507716158128 0.833063209076175 0.11068635050384047 0.04213938411669375
1 0.9386847297582974 0.7844408427876823 0.11068635050384047 0.04213938411669375
1 0.9446568247480798 0.766612641815235 0.11068635050384047 0.04213938411669375
1 0.9446568247480798 0.7487844408427877 0.11068635050384047 0.04213938411669375
