1 0.32903706079811135 0.6831106272566454 0.16518638573743913 0.0826580226904377
1 0.4010467093588062 0.9200309614202976 0.14792097667501775 0.08427876823338741
1 0.5155077060615061 0.9842537442685776 0.14696797622787364 0.09076175040518639
1 0.41962985821068705 0.701038538717983 0.049821839886411846 0.2455883095767132
1 0.2889493635599661 0.5893836455335778 0.1388654781199351 0.08265802269043789
1 0.20987521603371842 0.3348452482858893 0.038119935170178254 0.16182026288538598
1 0.31562096485411245 0.4437126875189123 0.11889789303079407 0.08265802269043786
1 0.25896965575466857 0.9627083209373198 0.1825828361255283 0.07617504051863858
1 0.353517017828201 0.96677471636953 0.10982171799027554 0.06645056726093998
1 0.5549997544150861 0.17211395298649115 0.06944863117796907 0.052791390937254726
1 0.5111505191732857 0.14852259846972724 0.0746588641558098 0.05948292462436634
1 0.7179034252770271 0.21328417249951606 0.10155941905040729 0.0594829246243664
1 0.7337495317234098 0.17368188472781057 0.10155941905040736 0.05948292462436642
1 0.7525259762648707 0.12110942878868906 0.08804080148842373 0.04883642691992065
1 0.6230794165316046 0.48379254457050236 0.6307941653160455 0.7115072933549432
