1 0.9868753158377346 0.5106277846031939 0.026220247386669854 0.3225283630470021
1 0.07648166805379125 0.12074554294975687 0.1529633361075825 0.24149108589951374
1 0.18816918330694665 0.1312803889789303 0.17967122018985882 0.2625607779578606
1 0.3308135642009224 0.12641815235008103 0.14932135191454476 0.25283630470016205
1 0.47163695299837927 0.12479740680713128 0.14689336245251972 0.24959481361426256
1 0.5972854076581791 0.13209076175040518 0.16753127287973307 0.26418152350081037
1 0.7447857674762051 0.12155591572123177 0.1614612992246704 0.24311183144246354
1 0.9038190772388504 0.12641815235008103 0.16874526761074576 0.25283630470016205
1 0.9135310350869509 0.5372771474878444 0.07890965751581631 0.37115072933549437
1 0.7083659255458291 0.5291734197730954 0.14203738352846942 0.38735818476499145
1 0.5681495341138778 0.5299837925445707 0.16024730449365776 0.36952998379254515
1 0.4127582085442701 0.5291734197730956 0.1578193150316327 0.3841166936790924
1 0.2707208250158007 0.5081037277147488 0.15053534664555726 0.36466774716369527
1 0.143251378259482 0.5 0.1456793677215071 0.37115072933549437
1 0.032170860371832824 0.5081037277147488 0.06434172074366565 0.3354943273905996
1 0.03338485510284538 0.9003241491085899 0.06676971020569077 0.19935170178282008
1 0.15296333610758248 0.9027552674230145 0.16753127287973318 0.19448946515397084
1 0.2980357064635833 0.8970826580226904 0.17602923599682108 0.20583468395461907
1 0.466780974074329 0.9011345218800648 0.19059717276897176 0.19773095623987033
1 0.644631202167669 0.9149108589951378 0.17724323072783363 0.17017828200972446
1 0.8176254513369589 0.9157212317666127 0.1736012465347959 0.1685575364667747
1 0.9588900083227475 0.9157212317666127 0.08221998335450521 0.1685575364667747
