1 0.4991632020294553 0.8411669367909238 0.562028750616588 0.10048622366288484
1 0.3938499753364809 0.7293354943273905 0.12573109717426537 0.09400324149108595
1 0.5383870058487775 0.7358184764991895 0.049432739059967305 0.042139384116693906
1 0.6060883658656897 0.7277147487844406 0.049432739059967305 0.042139384116693906
1 0.6243569868226342 0.7795786061588329 0.049432739059967305 0.042139384116693906
1 0.6780882249312945 0.7666126418152349 0.049432739059967305 0.042139384116693906
1 0.6372524839687127 0.7325769854132901 0.049432739059967305 0.042139384116693906
1 0.6866852230286803 0.7293354943273904 0.049432739059967305 0.042139384116693906
1 0.8156401944894652 0.8168557536466773 0.049432739059967305 0.042139384116693906
1 0.8134909449651189 0.7633711507293355 0.049432739059967305 0.042139384116693906
1 0.7576104573321121 0.7860615883306319 0.049432739059967305 0.042139384116693906
1 0.7629835811429779 0.758508914100486 0.049432739059967305 0.042139384116693906
1 0.7307448382777818 0.7471636952998378 0.049432739059967305 0.042139384116693906
1 0.7307448382777818 0.7779578606158831 0.049432739059967305 0.042139384116693906
