1 0.4299116279620012 0.4700162074554295 0.050065657939878605 0.16531604538087522
1 0.4976483603725349 0.5187978939424718 0.05006565793987855 0.1653160453808754
1 0.5618630085997706 0.4928659652552757 0.05006565793987855 0.1653160453808754
1 0.6053983633300997 0.5171771483995221 0.05006565793987855 0.1653160453808754
1 0.6848503857129505 0.6257670997771558 0.05006565793987855 0.1653160453808754
1 0.6314242072945704 0.5787943089903824 0.050065657939878515 0.16531604538087563
1 0.5829547402896528 0.44002419465935694 0.050065657939878515 0.16531604538087583
1 0.6879317986642027 0.5861700081834748 0.05006565793987848 0.17693587414207015
1 0.6160984633591595 0.5391683874379318 0.05006565793987848 0.17693587414207015
1 0.8276101438240676 0.4313118246714824 0.2917063215888468 0.2165770371188467
1 0.1719646511848002 0.45786061588330623 0.05006565793987857 0.05024311183144226
1 0.29277526056146386 0.594003241491086 0.05006565793987857 0.05024311183144226
1 0.2437979864898435 0.6377633711507292 0.05006565793987857 0.05024311183144226
1 0.19590909628648126 0.6782820097244732 0.05006565793987857 0.05024311183144226
1 0.29277526056146386 0.5032414910858996 0.05006565793987857 0.05024311183144226
1 0.24923990583113464 0.5405186385737438 0.05006565793987857 0.05024311183144226
1 0.21114647044209656 0.49837925445705017 0.05006565793987857 0.05024311183144226
1 0.18720202534041547 0.38330632090761746 0.05006565793987857 0.05024311183144226
1 0.2165883897833877 0.4173419773095624 0.05006565793987857 0.05024311183144226
1 0.2601237445137169 0.4627228525121555 0.05006565793987857 0.05024311183144226
1 0.0936010126702076 0.45461912479740674 0.05006565793987857 0.05024311183144226
1 0.13060606419098744 0.49837925445705017 0.05006565793987857 0.05024311183144226
1 0.16325758023873432 0.5405186385737438 0.05006565793987857 0.05024311183144226
1 0.20570455110080538 0.5810372771474878 0.05006565793987857 0.05024311183144226
1 0.1404015190053115 0.4124797406807131 0.05006565793987857 0.05024311183144226
1 0.08271717398762529 0.5356564019448946 0.05006565793987857 0.05024311183144226
1 0.1218989932449216 0.5826580226904376 0.05006565793987857 0.05024311183144226
1 0.15237374155615205 0.6296596434359806 0.05006565793987857 0.05024311183144226
1 0.33413384755527664 0.547001620745543 0.05006565793987857 0.05024311183144226
1 0.04897727407162012 0.4854132901134522 0.05006565793987857 0.05024311183144226
1 0.03482828378426313 0.5761750405186387 0.05006565793987857 0.05024311183144226
1 0.07074495143678475 0.6199351701782819 0.05006565793987857 0.05024311183144226
1 0.1044848513527899 0.6766612641815235 0.05006565793987857 0.05024311183144226
1 0.14802020608311914 0.7301458670988654 0.05006565793987857 0.05024311183144226
1 0.09468939653846582 0.7755267423014586 0.05006565793987857 0.05024311183144226
1 0.05659596114942774 0.7171799027552673 0.05006565793987857 0.05024311183144226
1 0.025032828969939285 0.6653160453808752 0.05006565793987857 0.05024311183144226
1 0.016869949958002558 0.7633711507293355 0.033739899916005116 0.04213938411669349
1 0.04244697086207074 0.820907617504052 0.05006565793987857 0.05024311183144226
1 0.3831111216268973 0.18152350081037277 0.7662222432537946 0.36304700162074555
