1 0.09878255625494706 0.5672609400324149 0.09172665937959369 0.8038897893030794
1 0.1658135765708038 0.6069692058346837 0.09172665937959364 0.7212317666126412
1 0.22931664844898406 0.6069692058346838 0.09172665937959361 0.7439222042139381
1 0.3016395914213558 0.5875202593192871 0.09172665937959365 0.7601296596434363
1 0.3670375664763842 0.6300589718760835 0.09172665937959361 0.6646801251485157
1 0.4231797971976759 0.6320766592557107 0.09172665937959361 0.6646801251485163
1 0.511378508139593 0.6272144226268614 0.09172665937959361 0.6646801251485163
1 0.6109062948086236 0.6176037775954798 0.09172665937959351 0.700777944633189
1 0.7194351140734584 0.565786406180072 0.09172665937959346 0.840259257567952
1 0.8034944372311376 0.5662849201931235 0.0917266593795934 0.8565575606953041
1 0.9105351266247576 0.4997475738033759 0.11288461400261793 0.9806114387544775
