1 0.34994977971557056 0.8379254457050243 0.049775150090168266 0.20097244732576983
1 0.3956616522473577 0.8444084278768232 0.045711872531787205 0.18800648298217182
1 0.8609069326819915 0.7220421393841167 0.04368023375259661 0.06645056726093998
1 0.9066188052137786 0.7155591572123176 0.04368023375259661 0.06645056726093998
1 0.8212899764877758 0.7285251215559156 0.04368023375259661 0.06645056726093998
1 0.7715148263976077 0.7333873581847651 0.04368023375259661 0.06645056726093998
1 0.727834592645011 0.7382495948136142 0.04368023375259661 0.06645056726093998
1 0.6821227201132238 0.746353322528363 0.04368023375259661 0.06645056726093998
1 0.6394583057502224 0.7495948136142626 0.04368023375259661 0.06645056726093998
1 0.5886673362704591 0.759319286871961 0.04368023375259661 0.06645056726093998
1 0.5480345606866481 0.7674230145867098 0.04368023375259661 0.06645056726093998
1 0.48810121670052725 0.7739059967585088 0.04368023375259661 0.06645056726093998
1 0.4616899125710502 0.7625607779578607 0.04368023375259661 0.06645056726093998
1 0.4393418859999544 0.7479740680713128 0.04368023375259661 0.06645056726093998
1 0.4169938594288584 0.7366288492706644 0.04368023375259661 0.06645056726093998
1 0.3895667359097861 0.7188006482982172 0.04368023375259661 0.06645056726093998
1 0.43832606661035917 0.6961102106969207 0.043680233752596595 0.030794165316045126
1 0.4647373707398361 0.7090761750405187 0.043680233752596595 0.030794165316045126
1 0.4891170360901227 0.7188006482982173 0.043680233752596595 0.030794165316045126
1 0.5134967014404092 0.7333873581847651 0.043680233752596595 0.030794165316045126
1 0.4891170360901227 0.6896272285251217 0.043680233752596595 0.030794165316045126
1 0.516544159609195 0.7058346839546192 0.043680233752596595 0.030794165316045126
1 0.5409238249594814 0.7236628849270664 0.043680233752596595 0.030794165316045126
1 0.5348289086219098 0.679902755267423 0.043680233752596595 0.030794165316045126
1 0.576477503595316 0.6782820097244734 0.043680233752596595 0.030794165316045126
1 0.6191419179583173 0.6734197730956241 0.043680233752596595 0.030794165316045126
1 0.6648537904901046 0.6653160453808752 0.043680233752596595 0.030794165316045126
1 0.7065023854635106 0.6555915721231768 0.043680233752596595 0.030794165316045126
1 0.7562775355536787 0.6588330632090762 0.043680233752596595 0.030794165316045126
1 0.5754616842057207 0.7042139384116695 0.043680233752596595 0.030794165316045126
1 0.5835882393224828 0.7252836304700163 0.043680233752596595 0.030794165316045126
1 0.6262526536854842 0.6928687196110213 0.043680233752596595 0.030794165316045126
1 0.6475848608669849 0.7090761750405187 0.043680233752596595 0.030794165316045126
1 0.6760278037756525 0.6912479740680715 0.043680233752596595 0.030794165316045126
1 0.6993916497363436 0.7042139384116695 0.043680233752596595 0.030794165316045126
1 0.7146289405802727 0.6831442463533227 0.043680233752596595 0.030794165316045126
1 0.7400244253201546 0.6993517017828202 0.043680233752596595 0.030794165316045126
1 0.7613566325016552 0.6766612641815236 0.043680233752596595 0.030794165316045126
1 0.7867521172415368 0.6896272285251217 0.043680233752596595 0.030794165316045126
1 0.7948786723582991 0.6734197730956241 0.043680233752596595 0.030794165316045126
1 0.8375430867213005 0.6815235008103729 0.043680233752596595 0.030794165316045126
1 0.8680176684091586 0.6831442463533227 0.043680233752596595 0.030794165316045126
1 0.42562832424041813 0.46029173419773095 0.7964024014426917 0.8719611021069692
