1 0.5043819496550104 0.473179247626041 0.020637910427213545 0.09076175040518644
1 0.49106086869458027 0.5891410048622366 0.01820992096518843 0.08914100486223667
1 0.35051686216294065 0.4910485786293768 0.020637910427213538 0.09076175040518657
1 0.3626568094730663 0.495910815258226 0.020637910427213538 0.09076175040518657
1 0.3747967567831919 0.5072560340588744 0.020637910427213538 0.09076175040518657
1 0.3942206724793928 0.43594323016908504 0.020637910427213538 0.09076175040518657
1 0.38329471990027975 0.39380384605239144 0.020637910427213538 0.09076175040518657
1 0.4628381854145466 0.40180087310343227 0.02063791042721352 0.09076175040518673
1 0.44948424337340837 0.390455654302784 0.02063791042721352 0.09076175040518673
1 0.46965441288075416 0.5681613119054187 0.020637910427213503 0.09076175040518697
1 0.48058036545986726 0.5373671465893733 0.020637910427213503 0.09076175040518697
1 0.48786433384594263 0.5146767089880767 0.020637910427213503 0.09076175040518697
1 0.45994245503265374 0.5973347316785144 0.020637910427213503 0.09076175040518697
1 0.4611564497636663 0.6151629326509617 0.020637910427213503 0.09076175040518697
1 0.4745103918048044 0.6410948613381577 0.020637910427213503 0.09076175040518697
1 0.3410174672713275 0.656108089588114 0.02063791042721354 0.09076175040518666
1 0.3361614883472773 0.6188309421002693 0.02063791042721354 0.09076175040518666
1 0.5194746927301737 0.3692361284860069 0.02063791042721354 0.09076175040518666
1 0.4717167998885612 0.3352041268155916 0.02063791042721354 0.09076175040518669
1 0.4510788894613477 0.3352041268155916 0.02063791042721354 0.09076175040518669
1 0.44324556971628554 0.33318936108343705 0.020637910427213545 0.09076175040518686
1 0.41046771197894644 0.33643085216933655 0.020637910427213545 0.09076175040518686
1 0.42260765928907196 0.33643085216933655 0.020637910427213545 0.09076175040518686
1 0.39347178574477054 0.3412930887981858 0.020637910427213545 0.09076175040518686
1 0.3910437962827455 0.35425905314178396 0.020637910427213545 0.09076175040518686
1 0.3752618647795822 0.3688457630283317 0.020637910427213545 0.09076175040518686
1 0.4819194835623674 0.38566109722708947 0.020637910427213534 0.09076175040518698
1 0.45659951175742364 0.41584738377387465 0.020637910427213545 0.09076175040518686
1 0.3958997752067957 0.4774357144059655 0.020637910427213545 0.09076175040518686
1 0.3874018120897078 0.5098506252649606 0.020637910427213545 0.09076175040518686
1 0.3789038489726198 0.5276788262374079 0.020637910427213545 0.09076175040518686
1 0.3691918911245194 0.5503692638387045 0.020637910427213545 0.09076175040518686
1 0.3619079227384441 0.5746804469829508 0.020637910427213545 0.09076175040518686
1 0.41119988438734445 0.48528999286842295 0.020637910427213538 0.0907617504051868
1 0.3289561474547847 0.40997228037133576 0.020637910427213538 0.0907617504051868
1 0.45221303730217827 0.266612641815235 0.06434172074366565 0.0340356564019449
1 0.35641452517310745 0.32066926716995325 0.020637910427213513 0.09076175040518701
1 0.37219645667627077 0.32229001271290303 0.020637910427213513 0.09076175040518701
1 0.3746244461382958 0.37091237900139573 0.020637910427213513 0.09076175040518701
1 0.7648166805379123 0.4084278768233389 0.42732614531642044 0.6612641815235011
