1 0.7332284104707456 0.792544570502431 0.17138211551590252 0.41491085899513735
1 0.5107693590498574 0.8387358184764991 0.17222636239036512 0.32252836304700166
1 0.6213656996044545 0.7066450567260938 0.14689895615648785 0.586709886547812
1 0.5183675809200206 0.5899513776337115 0.1806688311349908 0.8200972447325771
1 0.7087452511113311 0.5405186385737439 0.2000865092476301 0.9189627228525121
1 0.3431863544690364 0.2585089141004862 0.06669550308254336 0.4035656401944895
1 0.38455445131770255 0.32009724473257706 0.048122071844366794 0.34197730956239875
1 0.408615487239886 0.3411669367909238 0.04896631871882926 0.27066450567260925
1 0.33263326853825426 0.5421393841166936 0.04896631871882931 0.08265802269043754
1 0.2887324310662004 0.5162074554294975 0.045589331220978975 0.07293354943273911
1 0.2659377654557109 0.4894651539708266 0.05234330621667965 0.0615883306320908
1 0.26087228420893543 0.4554294975688816 0.060785774961305314 0.10048622366288491
1 0.3393872435339549 0.4708265802269044 0.06247426871023052 0.07941653160453811
1 0.3212359357330095 0.4376012965964344 0.059941528086842805 0.10372771474878441
1 0.30350675136929545 0.3914100486223663 0.063318515584693 0.0891410048622366
1 0.2845111966938875 0.36223662884927066 0.05572029371452992 0.13776337115072934
1 0.30012976387144513 0.3192868719611021 0.05825303433791767 0.19773095623987036
1 0.31954744198408436 0.28200972447325773 0.05149905934221707 0.22042139384116688
