1 0.12834536614115222 0.4959481361426256 0.25669073228230443 0.29173419773095616
1 0.28742890820686606 0.8897893030794165 0.18874318550169442 0.22042139384116693
1 0.10947104759098275 0.8987034035656402 0.19952851038750552 0.20259319286871957
1 0.5996640636510974 0.7447325769854131 0.26316192721379095 0.43273905996758477
1 0.3451303963459555 0.4983792544570502 0.21139236776189774 0.3160453808752026
1 0.22649182260203332 0.7309562398703403 0.25669073228230443 0.22366288492706643
1 0.33865920141446887 0.22447325769854132 0.23080595255635772 0.286871961102107
1 0.09167526152939445 0.2017828200972447 0.1833505230587889 0.3290113452188006
1 0.7776219242669811 0.2576985413290113 0.16825106821865318 0.3760129659643436
1 0.8175276263444821 0.7131280388978931 0.2049211728304111 0.34683954619124796
1 0.4233240017680861 0.8273905996758508 0.23835567997642554 0.2382495948136143
1 0.7716899955797849 0.9213938411669368 0.29012523942831875 0.15721231766612648
1 0.9557801679681746 0.8889789303079416 0.08843966406365097 0.22204213938411668
1 0.9298953882422277 0.17341977309562395 0.14020922351554446 0.3403565640194489
1 0.49342861352585826 0.17504051863857373 0.19737144541034327 0.20097244732576985
1 0.5446589067334611 0.40761750405186375 0.16825106821865332 0.3192868719611021
1 0.735019890968027 0.5243111831442464 0.27933991454250773 0.28038897893030784
1 0.3855753646677471 0.11345218800648299 0.25561219979372324 0.22690437601296595
