2 0.2427096026215853 0.38897893030794095 0.07183333530504322 0.7779578606158819
2 0.31454293792662874 0.39059967585089067 0.07183333530504321 0.7811993517017813
2 0.3656969797347658 0.6977309562398711 0.05659596114942774 0.1669367909238231
2 0.5594293082847311 0.6199351701782828 0.06094949662246096 0.28363047001620584
2 0.1686994995800259 0.5575364667747174 0.08054040625110874 0.4473257698541308
2 0.6214671887754498 0.3905996758508906 0.07183333530504321 0.7811993517017813
2 0.6753421902542316 0.5761750405186374 0.06856818370026845 0.432739059967583
2 0.7275846159306262 0.38816855753646573 0.06856818370026843 0.29335494327390377
2 0.7471755255592746 0.6426256077795773 0.06856818370026843 0.29335494327390377
2 0.8103017899182519 0.6766612641815225 0.0685681837002684 0.22852512155591345
2 0.8527487607803227 0.533225283630469 0.08162879011936748 0.45380875202592924
2 0.9202285606123334 0.5972447325769843 0.06639141596375289 0.34197730956239575
2 0.3129103621242407 0.22366288492706538 0.06639141596375293 0.23662884927066152
2 0.24325379455571405 0.15802269043760023 0.06639141596375293 0.30307941653160153
