1 0.12437633075920805 0.33630470016207453 0.2265865827692503 0.6726094003241491
1 0.3614302284933422 0.32982171799027554 0.24013251978262942 0.6596434359805511
1 0.5867853624431943 0.3225283630470016 0.222892236311056 0.6450567260940032
1 0.7671926144850161 0.3217179902755267 0.15023675596656816 0.6434359805510534
1 0.04002208663043824 0.846029173419773 0.08004417326087648 0.3079416531604538
1 0.22227651190135694 0.8387358184764991 0.259835700892999 0.32252836304700166
1 0.4888851813010455 0.8306320907617504 0.2733816379063781 0.33873581847649914
1 0.7136245908411987 0.8273905996758509 0.18348587409031672 0.3452188006482983
1 0.891568945244224 0.8298217179902756 0.17979152763212242 0.3403565640194489
1 0.9161979216321859 0.31442463533225284 0.15023675596656816 0.6256077795786061
