0 0.7818126067720883 0.7390599675850891 0.12382746256328105 0.5218800648298217
0 0.5177687527768566 0.5170178282009724 0.1104735205221429 0.5218800648298215
0 0.6519151705537441 0.4991896272285251 0.10683153632910501 0.5218800648298217
0 0.43278912160597743 0.4878444084278769 0.10561754159809263 0.5218800648298216
0 0.3490234851661109 0.4683954619124796 0.08862161536391669 0.5218800648298214
0 0.2773977960363699 0.4230145867098864 0.08862161536391669 0.5218800648298214
0 0.2045581121756163 0.3938411669367908 0.08862161536391669 0.5218800648298214
0 0.577254494596472 0.4602917341977308 0.08862161536391669 0.5218800648298214
0 0.7144358992008907 0.2204213938411671 0.08862161536391663 0.06807131280388949
0 0.4194351795648389 0.18476499189627243 0.08862161536391663 0.06807131280388949
0 0.6391682258781121 0.18638573743922218 0.08862161536391663 0.06807131280388949
0 0.4849908950395171 0.14262560777957878 0.08862161536391663 0.06807131280388949
0 0.5614725630933084 0.1636952998379256 0.08862161536391663 0.06807131280388949
0 0.6148883312578609 0.12803889789303097 0.08862161536391663 0.06807131280388949
0 0.6974399729667149 0.1491085899513778 0.08862161536391663 0.06807131280388949
0 0.7617816937103805 0.18152350081037294 0.08862161536391663 0.06807131280388949
0 0.26768583818826897 0.13128038897893046 0.08862161536391663 0.06807131280388949
0 0.471636952998379 0.07779578606158849 0.08862161536391663 0.06807131280388949
0 0.537192668473057 0.10372771474878459 0.08862161536391663 0.06807131280388949
0 0.40850922698572584 0.10858995137763387 0.08862161536391663 0.06807131280388949
0 0.36116343247623595 0.15397082658022707 0.08862161536391663 0.06807131280388949
0 0.34173951678003506 0.09724473257698556 0.08862161536391663 0.06807131280388949
0 0.4959168476186301 0.20907617504051879 0.08862161536391663 0.06807131280388949
0 0.3927272954825626 0.05672609400324165 0.08862161536391663 0.06807131280388949
