1 0.6227792970094428 0.5162074554294976 0.09711957848100468 0.8184764991896273
1 0.5802894814240032 0.5210696920583469 0.09711957848100468 0.8184764991896273
1 0.4528200346676838 0.5283630470016198 0.05341576816455269 0.6936790923824945
1 0.5220177343354003 0.5372771474878444 0.09711957848100468 0.8184764991896273
1 0.5608655657278022 0.5243111831442464 0.09711957848100468 0.8184764991896273
1 0.41882818219933216 0.5348460291734188 0.05341576816455269 0.6936790923824945
1 0.3775523613449051 0.5299837925445696 0.05341576816455269 0.6936790923824945
1 0.3459884983385785 0.5251215559157204 0.05341576816455269 0.6936790923824945
1 0.29075173807750715 0.5251215559157203 0.0813376469778417 0.6320907617504039
1 0.25675988560915547 0.5251215559157203 0.0813376469778417 0.6320907617504039
1 0.21791205421675358 0.5235008103727705 0.0813376469778417 0.6320907617504039
1 0.17299424916928888 0.5072933549432729 0.0813376469778417 0.6320907617504039
0 0.7921315619856949 0.4764991896272285 0.2925727301740267 0.940032414910859
