1 0.18227199057020776 0.5915721231766612 0.17687932812730225 0.23987034035656393
1 0.2658582584352438 0.8427876823338736 0.15423014586709885 0.22366288492706643
1 0.33650213643730664 0.626418152350081 0.13373802858405778 0.2382495948136143
1 0.4001355532635922 0.33063209076175043 0.1574657433328423 0.2625607779578606
1 0.27772211580963607 0.43841166936790926 0.15854427582142333 0.17666126418152345
1 0.5570620303521437 0.34521880064829813 0.17148666568439658 0.18152350081037277
1 0.6287844408427877 0.5024311183144247 0.13805215853838226 0.20097244732576988
1 0.46592603506703995 0.4975688816855754 0.1466804184470311 0.239870340356564
1 0.5236275232061294 0.7123176661264182 0.13697362604980115 0.19611021069692058
1 0.40768528068365995 0.8087520259319286 0.1509945484013555 0.22366288492706643
1 0.6762398703403566 0.6969205834683954 0.15315161337851785 0.2593192868719612
1 0.7797789892441432 0.7236628849270664 0.14668041844703125 0.23824959481361424
