1 0.21031383527331637 0.559967585089141 0.0970679239723003 0.10534846029173436
1 0.6724650066303226 0.3103727714748784 0.3418947988802121 0.2576985413290113
1 0.4492087814940327 0.08670988654781199 0.22757035509061438 0.17341977309562398
1 0.29443936938264303 0.5162074554294975 0.0970679239723003 0.10534846029173436
1 0.36238691616325297 0.5907617504051862 0.0970679239723003 0.10534846029173436
1 0.5058317371445409 0.7285251215559154 0.11001031383527343 0.11831442463533262
1 0.7722292618240751 0.7025931928687195 0.11001031383527343 0.11831442463533262
1 0.5522086341535285 0.5907617504051862 0.0970679239723003 0.10534846029173436
1 0.4972034772358919 0.5064829821717988 0.0970679239723003 0.10534846029173436
1 0.3963606895535581 0.4667747163695296 0.0852040665979079 0.09724473257698586
1 0.45675850891410036 0.42625607779578567 0.0852040665979079 0.09724473257698586
1 0.3122351554442314 0.4457050243111827 0.0852040665979079 0.09724473257698586
1 0.2992927655812581 0.37601296596434325 0.0852040665979079 0.09724473257698586
1 0.239973478709297 0.3419773095623983 0.0852040665979079 0.09724473257698586
1 0.2335022837778103 0.27066450567260897 0.0852040665979079 0.09724473257698586
1 0.8898894946220716 0.42787682333873583 0.22022101075585682 0.8492706645056727
