1 0.13636363636363635 0.7190326584005099 0.23404255319148937 0.5205666305162063
1 0.3331721470019343 0.8440620073568051 0.211798839458414 0.3118759852863895
1 0.6170212765957444 0.7974670453147883 0.2959381044487426 0.4050659093704228
1 0.12427466150870407 0.22205420332956918 0.24854932301740815 0.44410840665913837
1 0.35251450676982593 0.37903757784461267 0.20406189555125726 0.640947663823079
1 0.6141199226305609 0.32128721727172105 0.3075435203094778 0.6425744345434421
1 0.8370406189555126 0.9085514473228161 0.144100580270793 0.17731800851958254
1 0.8181818181818182 0.5587957424447402 0.16441005802707934 0.48640444538858035
1 0.8109284332688589 0.18219832068067215 0.13442940038684711 0.3643966413613443
1 0.9545454545454546 0.47095012354513033 0.09090909090909094 0.6165461030176317
