1 0.11775748890821826 0.493517017828201 0.1068315363291052 0.5008103727714749
1 0.20941409109966647 0.48298217179902747 0.08376563643986656 0.4862236628849271
1 0.28710975388447024 0.49189627228525123 0.0959055837499922 0.4878444084278769
1 0.38058734817243733 0.5024311183144247 0.08862161536391681 0.48622366288492713
1 0.4643529846123039 0.4975688816855754 0.09104960482594195 0.46677471636952994
1 0.5402276553005889 0.4983792544570502 0.08255164170885401 0.4910858995137764
1 0.6246002891059617 0.4959481361426256 0.0837656364398665 0.473257698541329
1 0.7041169439872843 0.493517017828201 0.08740762063290433 0.47487844408427876
1 0.7921315619856951 0.5008103727714749 0.08619362590189183 0.48298217179902747
1 0.8801461799841054 0.5089141004862237 0.0849796311708792 0.48298217179902764
