0 0.4910858995137764 0.49351701782820095 0.31766612641815245 0.9870340356564019
0 0.10777957860615882 0.09805510534846026 0.1507293354943274 0.16693679092382493
0 0.2779578606158833 0.08346839546191247 0.1507293354943274 0.16693679092382493
0 0.3703403565640195 0.18233387358184763 0.1507293354943274 0.16693679092382493
0 0.2698541329011345 0.25364667747163694 0.1507293354943274 0.16693679092382493
0 0.153160453808752 0.21636952998379255 0.1507293354943274 0.16693679092382493
0 0.07536466774716369 0.24068071312803888 0.1507293354943274 0.16693679092382493
0 0.15478119935170176 0.3703403565640194 0.1507293354943274 0.16693679092382493
0 0.25526742301458666 0.36547811993517015 0.1507293354943274 0.16693679092382493
0 0.9246353322528362 0.9165316045380876 0.1507293354943274 0.16693679092382493
0 0.8954619124797406 0.8063209076175041 0.1507293354943274 0.16693679092382493
0 0.8111831442463534 0.9165316045380876 0.1507293354943274 0.16693679092382493
