1 0.6889090051657877 0.20907617504051865 0.11747423881875292 0.061588330632090765
1 0.5495146878136931 0.1849121614371986 0.11747423881875292 0.06158833063209077
1 0.47821382900897774 0.17090807937502892 0.11445624820269602 0.05012600676037829
1 0.6358969452085097 0.15499437450382772 0.11445624820269588 0.050126006760378435
1 0.7721992334481423 0.09355179409909153 0.11445624820269568 0.05012600676037851
1 0.5373823594817383 0.6785732977742122 0.12471084013345371 0.050126006760378615
1 0.20856188854275398 0.3750908152943326 0.12471084013345361 0.050126006760378684
1 0.2543358532799557 0.31802081064652404 0.12471084013345339 0.050126006760378886
1 0.24787824004478828 0.4725861151434937 0.12471084013345328 0.050126006760379004
1 0.7868742574170383 0.7045254742156147 0.12471084013345328 0.05012600676037913
1 0.7404309536979965 0.7191121841021626 0.12471084013345328 0.05012600676037913
1 0.709277743784217 0.8177147832676002 0.12471084013345314 0.05012600676037918
1 0.6983459178500873 0.8741375314150229 0.1319880847163569 0.04951931504874199
1 0.5517745564299616 0.3797477393982697 0.6620447412498698 0.7341977309562424
