1 0.20637493246893573 0.7236628849270665 0.03457590491626146 0.05672609400324149
1 0.24851431658562936 0.7171799027552676 0.03457590491626146 0.05672609400324149
1 0.22690437601296598 0.6588330632090762 0.03457590491626146 0.05672609400324149
1 0.26904376012965964 0.6426256077795788 0.03457590491626146 0.05672609400324149
1 0.2106969205834684 0.613452188006483 0.03457590491626146 0.05672609400324149
1 0.24635332252836306 0.5972447325769855 0.03457590491626146 0.05672609400324149
1 0.16315505132360883 0.594003241491086 0.03457590491626146 0.05672609400324149
1 0.19340896812533767 0.5729335494327391 0.03457590491626146 0.05672609400324149
1 0.18260399783900597 0.5291734197730957 0.03457590491626146 0.05672609400324149
1 0.22366288492706643 0.5453808752025933 0.03457590491626146 0.05672609400324149
1 0.2506753106428958 0.48865478119935185 0.03457590491626146 0.05672609400324149
1 0.2517558076715289 0.5453808752025933 0.03457590491626146 0.05672609400324149
1 0.3133441383036197 0.5291734197730957 0.03457590491626146 0.05672609400324149
1 0.812533765532145 0.3460291734197733 0.03025391680172855 0.037277147487844324
1 0.8330632090761754 0.3508914100486226 0.03025391680172855 0.037277147487844324
1 0.8557536466774718 0.33630470016207475 0.03025391680172855 0.037277147487844324
1 0.8784440842787684 0.3411669367909241 0.03025391680172855 0.037277147487844324
1 0.4927066450567261 0.6037277147487843 0.23987034035656407 0.2771474878444085
1 0.564559697460832 0.30307941653160453 0.08752025931928692 0.18800648298217182
2 0.14478660183684494 0.3136142625607779 0.17720151269584006 0.38411669367909235
1 0.3684494867639113 0.30145867098865486 0.2722852512155593 0.4311183144246355
1 0.6504592112371691 0.44165316045380876 0.18800648298217168 0.5072933549432739
1 0.7244732576985413 0.7236628849270664 0.23878984332793082 0.3970826580226905
