1 0.09922354980965663 0.7982171799027552 0.18619727865515812 0.1734197730956241
1 0.24132147299385623 0.5915721231766613 0.12494817383438242 0.23338735818476508
1 0.12249820964155139 0.6296596434359806 0.13474803060570653 0.17341977309562395
1 0.37974444988880934 0.553484602917342 0.11759828125588932 0.18314424635332258
1 0.5383796313746184 0.2139384116693679 0.13597301270212214 0.2236628849270666
1 0.5110246889840578 0.5199674139513044 0.12879200046718722 0.23159427713618705
1 0.8329878255625495 0.36709886547811993 0.1959971354264823 0.16045380875202592
1 0.8121631299234857 0.22447325769854132 0.1812973502694959 0.1377633711507293
1 0.8072632015378237 0.1361426256077796 0.1273981380272136 0.08752025931928686
1 0.8250254419358487 0.050243111831442464 0.18742226075157362 0.10048622366288493
1 0.6645527873054163 0.2252836304700162 0.10657344238814971 0.23338735818476494
1 0.6455655648109758 0.4489465153970827 0.1077984244845652 0.1685575364667747
1 0.26153367758471224 0.3768233387358185 0.14332290528061514 0.1507293354943274
1 0.12494817383438242 0.3938411669367909 0.14454788737703067 0.16855753646677468
1 0.16108514567864007 0.2106969205834684 0.22417172364403903 0.17504051863857378
1 0.33074516603218884 0.213128038897893 0.1347480306057066 0.1604538087520259
1 0.28419584636839923 0.06888168557536467 0.1543477441483548 0.12155591572123177
1 0.15557272624477028 0.07050243111831442 0.13474803060570653 0.1085899513776337
1 0.2449964192831028 0.8273905996758509 0.16414760091967892 0.2479740680713128
1 0.3987316723832498 0.7763371150729336 0.17272247559458742 0.2593192868719612
1 0.5046926237231918 0.760129659643436 0.18864724284798912 0.21393841166936808
1 0.6241283781237044 0.7350081037277149 0.16292261882326342 0.2771474878444085
1 0.7643888281632808 0.8047001620745543 0.1616976367268478 0.3484602917341977
1 0.9193490633598432 0.8095623987034035 0.11392333496664292 0.2965964343598054
