1 0.07017190131495463 0.3487006095355074 0.14034380262990984 0.6484583021697464
1 0.09043177892918823 0.809153713298791 0.17506044905008633 0.3816925734024179
1 0.25340241796200347 0.7927461139896372 0.19924006908462866 0.4145077720207254
1 0.40911917098445594 0.7789291882556131 0.19730569948186522 0.4421416234887737
1 0.5624179620034542 0.7858376511226253 0.17119170984455948 0.4283246977547496
1 0.7181347150259065 0.7858376511226253 0.17119170984455978 0.4283246977547496
1 0.8699827288428323 0.7823834196891193 0.1944041450777202 0.43523316062176165
1 0.914922279792746 0.31865284974093266 0.17015544041450795 0.5958549222797928
1 0.7486010362694299 0.31519861830742657 0.20891191709844562 0.5647668393782382
1 0.5841796200345422 0.32556131260794474 0.20310880829015532 0.5889464594127807
1 0.3960621761658032 0.3298791018998273 0.20214162348877363 0.5975820379965457
1 0.2166493955094991 0.3704663212435233 0.1915025906735751 0.7202072538860104
