2 0.5623987034035656 0.4700162074554295 0.11561318206374928 0.2560777957860616
2 0.6758508914100486 0.3573743922204214 0.11345218800648289 0.2674230145867099
2 0.306320907617504 0.666936790923825 0.119935170178282 0.2609400324149109
2 0.4413830361966504 0.7066450567260939 0.15018908698001085 0.30470016207455436
2 0.16099405726634253 0.20340356564019452 0.14694759589411127 0.23500810372771475
2 0.3187466234467856 0.3905996758508914 0.15343057806591023 0.27228525121555935
2 0.4511075094543493 0.40275526742301454 0.10913019989194969 0.27390599675850913
2 0.8491715706863036 0.4984880757630494 0.13951350082888003 0.270849431136976
2 0.7821458908622335 0.2918307689406674 0.11508831773183555 0.2805111904440266
2 0.9059967585089141 0.7155591572123181 0.10264721772015088 0.2739059967585084
2 0.9570598961761019 0.3149927703196818 0.11266765580428534 0.19421666015060818
2 0.5602377093462994 0.17098865478119937 0.1285791464073474 0.26094003241491087
2 0.36088600756347916 0.13857374392220423 0.13830361966504592 0.21555915721231766
2 0.05348460291734198 0.3792544570502432 0.09616423554835224 0.30470016207455436
2 0.9068071312803891 0.08265802269043762 0.18638573743922154 0.16531604538087524
2 0.13722312263641273 0.660453808752026 0.19232847109670445 0.3970826580226905
2 0.22312263641274985 0.4910858995137763 0.20205294435440302 0.3047001620745543
2 0.31874662344678556 0.866288492706645 0.19232847109670448 0.17017828200972446
2 0.4548892490545651 0.9189627228525122 0.18152350081037277 0.16207455429497558
2 0.6904376012965965 0.826580226904376 0.18368449486763921 0.26256077795786054
2 0.6158833063209076 0.679092382495948 0.233387358184765 0.23338735818476494
2 0.8222582387898433 0.7965964343598055 0.15991356023770947 0.2706645056726094
