1 0.16312947353159163 0.710135004347989 0.040373387205169836 0.06569075250551142
1 0.4770587955801689 0.7382495948136142 0.233767467888649 0.42625607779578606
1 0.5619077283693822 0.33549432739059964 0.10735987414145363 0.26256077795786065
1 0.1907441913168402 0.6851795676278464 0.040373387205169836 0.06569075250551142
1 0.18407856978246986 0.6317036317989693 0.040373387205169836 0.06569075250551142
1 0.20597989768111524 0.8723453430289159 0.040373387205169836 0.06569075250551142
1 0.24883032183063883 0.8687802806403241 0.040373387205169836 0.06569075250551142
1 0.2107410559199512 0.7315253786795398 0.040373387205169836 0.06569075250551142
1 0.22597676228422625 0.7885663768970086 0.040373387205169836 0.06569075250551142
1 0.27168388137705146 0.7725235961483456 0.040373387205169836 0.06569075250551142
1 0.24597362688733726 0.7208301915137644 0.040373387205169836 0.06569075250551142
1 0.22216783569315748 0.6495289437419284 0.040373387205169836 0.06569075250551142
1 0.31548653717434216 0.6299211006046734 0.040373387205169836 0.06569075250551142
1 0.2526392484217076 0.6513114749362243 0.040373387205169836 0.06569075250551142
1 0.24978255347840603 0.58357528955298 0.040373387205169836 0.06569075250551142
1 0.8125514573088156 0.401757107734798 0.025137680840894544 0.058560627728328034
1 0.8344527852074611 0.40888723251198156 0.025137680840894544 0.05856062772832803
1 0.8544496498105721 0.39640951415191034 0.025137680840894544 0.05856062772832803
1 0.8811121359480535 0.38749685818043084 0.025137680840894544 0.05856062772832803
1 0.36280025779929986 0.34759358288770054 0.26852932467034796 0.5597147950089126
1 0.7241721681269486 0.7736185383244206 0.22948782711189294 0.45276292335115864
1 0.6579920686071289 0.4518716577540107 0.16949723330256 0.5115864527629234
2 0.1499764845233325 0.3484848484848482 0.19330302449673964 0.508021390374331
