1 0.6768020625395019 0.7722852512155591 0.15903330976264535 0.4489465153970827
1 0.4218631690268644 0.7933549432739059 0.16631727814872066 0.413290113452188
1 0.4540340293986972 0.7617504051863858 0.16024730449365784 0.4764991896272285
1 0.4783139240189483 0.733387358184765 0.16024730449365784 0.53322528363047
1 0.4959168476186305 0.6969205834683955 0.13960939406644435 0.5834683954619124
1 0.3969762770411069 0.7066450567260939 0.15539132556960752 0.5607779578606158
1 0.42671914795091453 0.6766612641815235 0.1687452676107457 0.6401944894651541
1 0.45464102676420337 0.6345218800648298 0.15174934137656998 0.6855753646677472
1 0.5420486473971077 0.506482982171799 0.24401294093352446 0.9708265802269044
1 0.653129165284757 0.559967585089141 0.1481073571835322 0.8800648298217181
1 0.7156498939319037 0.5988654781199352 0.12261346783226855 0.8022690437601296
1 0.7751356357515192 0.6450567260940033 0.10561754159809268 0.7098865478119936
0 0.2142700700237167 0.5915721231766612 0.1590333097626452 0.6029173419773095
