1 0.15757755609834043 0.4918962722852512 0.23636633414751063 0.6239870340356564
1 0.3973527469526553 0.7484143738972158 0.05694192195010308 0.03389405005176467
1 0.39230218425719565 0.7630010837837635 0.05694192195010308 0.03389405005176467
1 0.46903071011060404 0.41265484669578634 0.05694192195010302 0.033894050051764664
1 0.41834113092911024 0.32212075876685775 0.05694192195010297 0.03389405005176473
1 0.436523156632765 0.5393006615221251 0.05694192195010297 0.03389405005176473
1 0.44361897961959 0.3052326567355249 0.05694192195010293 0.033894050051764726
1 0.4688717930968882 0.39923589822661076 0.05694192195010293 0.033894050051764726
1 0.42210041840113793 0.403313615007037 0.056941921950102926 0.03389405005176478
1 0.3878832150112996 0.45623987034035657 0.286871961102107 0.6693679092382496
1 0.5909158353687767 0.41815235008103735 0.2363663341475106 0.5802269043760131
