2 0.4061333381894998 0.893030794165316 0.3694207200480761 0.1750405186385737
2 0.7095860725147051 0.7949756888168557 0.16635405095332623 0.18314424635332258
2 0.8535683717881013 0.8290113452188007 0.15143954983337296 0.1896272285251216
2 0.6470598947425928 0.7252836304700162 0.1789740134394407 0.1669367909238251
2 0.21453936226394477 0.606969205834684 0.2317484020177371 0.2155591572123177
2 0.09981243057199571 0.6377633711507293 0.19503578387631343 0.2155591572123177
2 0.18356309070711854 0.3071312803889789 0.21798117021470328 0.19935170178282008
2 0.4617759000600951 0.17260940032414906 0.317793600786699 0.24797406807131278
2 0.6275563163549616 0.3217179902755267 0.29370094513138967 0.17017828200972446
2 0.7629340957514614 0.18881685575364662 0.2799337133283557 0.21555915721231764
2 0.42563691657713115 0.5186385737439223 0.22027570884854228 0.2495948136142625
2 0.6682843771056035 0.5324149108589951 0.2719028281099194 0.24149108589951368
2 0.126199624861144 0.8598055105348462 0.24551563382077105 0.20259319286871957
