0 0.14975688816855753 0.646677471636953 0.1615559157212318 0.6385737439222041
0 0.3421717990275527 0.6418152350081036 0.1615559157212318 0.6385737439222041
0 0.533679092382496 0.6434359805510534 0.1615559157212318 0.6385737439222041
0 0.7306320907617504 0.6515397082658022 0.1615559157212318 0.6385737439222041
0 0.18969205834683955 0.5413290113452187 0.1615559157212318 0.6385737439222041
0 0.3811993517017828 0.5380875202593193 0.1615559157212318 0.6385737439222041
0 0.5808752025931929 0.5364667747163695 0.1615559157212318 0.6385737439222041
0 0.7778282009724474 0.5380875202593193 0.1615559157212318 0.6385737439222041
0 0.81322528363047 0.4376012965964343 0.1615559157212318 0.6385737439222041
0 0.8812965964343599 0.37115072933549426 0.1615559157212318 0.6385737439222041
0 0.629886547811993 0.23338735818476486 0.16155591572123165 0.2301458670988654
0 0.6843435980551049 0.13776337115072923 0.16155591572123165 0.2301458670988654
0 0.4274878444084274 0.2366288492706644 0.16155591572123165 0.2301458670988654
0 0.490113452188006 0.1426256077795785 0.16155591572123165 0.2301458670988654
0 0.2350729335494323 0.21880064829821705 0.16155591572123165 0.2301458670988654
0 0.29588330632090715 0.14586709886547802 0.16155591572123165 0.2301458670988654
