1 0.05429497568881685 0.6499189627228524 0.04051863857374393 0.14586709886547816
1 0.3006482982171799 0.6450567260940033 0.04051863857374393 0.14586709886547816
1 0.24554294975688815 0.646677471636953 0.04051863857374393 0.14586709886547816
1 0.2034035656401945 0.6499189627228524 0.04051863857374393 0.14586709886547816
1 0.1580226904376013 0.646677471636953 0.04051863857374393 0.14586709886547816
1 0.10777957860615885 0.6499189627228524 0.04051863857374393 0.14586709886547816
1 0.5826580226904376 0.646677471636953 0.04051863857374393 0.14586709886547816
1 0.6231766612641816 0.6499189627228524 0.04051863857374393 0.14586709886547816
1 0.673419773095624 0.646677471636953 0.04051863857374393 0.14586709886547816
1 0.8225283630470017 0.6482982171799025 0.04051863857374393 0.14586709886547816
1 0.7706645056726095 0.6515397082658022 0.04051863857374393 0.14586709886547816
1 0.7269043760129661 0.6499189627228524 0.04051863857374393 0.14586709886547816
1 0.5032414910858996 0.48217179902755275 0.987034035656402 0.4521880064829823
