2 0.200846935044666 0.4311183144246354 0.1512150134516423 0.40194489465153976
2 0.34974269982373707 0.42949756888168555 0.14657651610649988 0.4181523500810373
2 0.5042046614169791 0.4311183144246354 0.14750421557552834 0.39870340356564027
2 0.6591304727447352 0.4238249594813614 0.14935961451358537 0.4230145867098865
2 0.8145201338070058 0.4270664505672609 0.1577089097348417 0.41004862236628836
2 0.8094177867273487 0.8119935170178278 0.14008261982330117 0.37601296596434286
2 0.657275073806678 0.8119935170178284 0.14008261982330117 0.37601296596434286
2 0.5060600603550357 0.8119935170178278 0.14008261982330117 0.37601296596434286
2 0.3548450469033934 0.8119935170178284 0.14008261982330117 0.37601296596434286
2 0.20363003345175112 0.8119935170178284 0.14008261982330117 0.37601296596434286
