1 0.9189627228525122 0.7277147487844409 0.14586709886547822 0.47974068071312814
1 0.7720537161379949 0.7163695299837926 0.1500347302616346 0.4927066450567261
1 0.6319171104422321 0.7260940032414911 0.15316045380875196 0.5056726094003241
1 0.4834452419541561 0.720421393841167 0.1500347302616346 0.4943273905996759
1 0.33601528131511926 0.7123176661264181 0.15941190090298687 0.5072933549432738
1 0.1865015049780042 0.726904376012966 0.1479509145635564 0.513776337115073
1 0.05938874739523039 0.7106969205834684 0.11877749479046078 0.5170178282009724
1 0.4370803426719148 0.306320907617504 0.16983097939337818 0.5769854132901134
1 0.5918036582542255 0.266612641815235 0.15211854595971297 0.4878444084278768
1 0.7189164158369994 0.33630470016207453 0.1521185459597129 0.4910858995137764
