2 0.09652865772800943 0.42949756888168555 0.0895181965522322 0.813614262560778
2 0.29120377191690006 0.5891410048622366 0.08412553410932654 0.6888168557536464
2 0.4675438337999116 0.5542949756888167 0.06363341682628558 0.8525121555915719
2 0.7064387800206277 0.6904376012965965 0.11001031383527347 0.6191247974068071
2 0.6503550906144097 0.5356564019448945 0.11648150876675993 0.9286871961102103
2 0.9259201414468837 0.5121555915721231 0.14560188595845006 0.9562398703403565
2 0.7722292618240755 0.5948136142625609 0.0668690142920289 0.6288492706645057
2 0.5500515691763667 0.6142625607779578 0.07334020922351542 0.41815235008103735
2 0.2788006482982172 0.23419773095623989 0.07873287166642108 0.32576985413290116
2 0.20923530278473548 0.6628849270664506 0.0970679239723 0.5413290113452188
2 0.41631354059230885 0.5996758508914101 0.0690260792691911 0.6094003241491086
