0 0.44116847488708644 0.5891118329542548 0.18938317803795915 0.7941653160453811
0 0.6439100204927111 0.5826455956139859 0.18938317803795898 0.7941653160453828
0 0.8357211879926956 0.3970826580226914 0.18938317803795898 0.7941653160453828
0 0.15988385014083714 0.38822071325355045 0.1757000961826098 0.7289524721319641
0 0.32814653446694864 0.4870097917914507 0.17570009618260948 0.7711691303841519
0 0.34150047650808624 0.06381748520132181 0.17570009618260923 0.12304467157272157
0 0.5175297125049074 0.16106221777830723 0.17570009618260923 0.12304467157272157
0 0.5078177546568069 0.0638174852013218 0.17570009618260923 0.12304467157272157
0 0.6680650591504648 0.06381748520132181 0.17570009618260923 0.12304467157272157
0 0.6911309590397033 0.1578207266924077 0.17570009618260923 0.12304467157272157
