2 0.25433189614713114 0.7439222042139383 0.25615288824364996 0.2690437601296595
2 0.11290150998416802 0.6685575364667747 0.18695518857593413 0.29011345218800644
2 0.7138289018353848 0.8346839546191248 0.29135873544301427 0.33063209076175043
2 0.8370493670331595 0.8047001620745542 0.2367289725474491 0.32252836304700155
2 0.6142813338923552 0.6628849270664507 0.23308698835441138 0.31118314424635307
2 0.38544332709648754 0.6961102106969206 0.20030913061707223 0.30956239870340346
2 0.21062808583067902 0.5340356564019448 0.22701701469934854 0.23824959481361419
2 0.3223156010838345 0.459481361426256 0.17845722545884615 0.27066450567260936
2 0.45464102676420337 0.47244732576985415 0.16146129922467034 0.2479740680713128
2 0.7599607016138621 0.5721231766612642 0.2185190515822606 0.29821717990275526
2 0.9268849771280889 0.6207455429497568 0.14203738352846954 0.3565640194489464
2 0.5408346526660952 0.3897893030794165 0.1614612992246704 0.18314424635332255
2 0.5991063997546979 0.33225283630470015 0.1493213519145447 0.2139384116693679
2 0.5505466105141956 0.22366288492706643 0.10804553106011781 0.1426256077795786
2 0.4649599819778102 0.26661264181523503 0.10440354686708005 0.09562398703403567
2 0.7065449334493096 0.32090761750405183 0.13596740987340666 0.20745542949756884
2 0.6646621152293762 0.1612641815235008 0.13232542568036906 0.1377633711507293
2 0.7805986120410756 0.23176661264181525 0.1044035468670802 0.2560777957860616
2 0.8564732827293605 0.260129659643436 0.06676971020569084 0.20907617504051867
