0 0.4647421420410766 0.20583468395461912 0.21174641974652603 0.09724473257698542
0 0.4138680022318464 0.3192868719611021 0.21174641974652603 0.09724473257698542
0 0.19799665223051782 0.34683954619124796 0.21174641974652603 0.09724473257698542
0 0.2529957222945506 0.24635332252836306 0.21174641974652603 0.09724473257698542
0 0.1567473496824933 0.15721231766612648 0.21174641974652603 0.09724473257698542
0 0.5898650264367511 0.10534846029173422 0.21174641974652603 0.09724473257698542
0 0.8799851210245236 0.1329011345218801 0.21174641974652603 0.09724473257698542
0 0.7961115391768737 0.06645056726094006 0.21174641974652603 0.09724473257698542
0 0.6654887477747959 0.16693679092382496 0.21174641974652603 0.09724473257698542
0 0.8511106092409065 0.413290113452188 0.21174641974652603 0.09724473257698542
0 0.8941267901267369 0.306320907617504 0.21174641974652603 0.09724473257698542
0 0.6187395382203682 0.2706645056726094 0.21174641974652603 0.09724473257698542
0 0.8084863299412813 0.2350081037277148 0.21174641974652603 0.09724473257698542
0 0.6874883758004092 0.33873581847649914 0.21174641974652603 0.09724473257698542
0 0.7177378643356271 0.526742301458671 0.21174641974652603 0.09724473257698542
0 0.6641137710231954 0.6288492706645057 0.21174641974652603 0.09724473257698542
0 0.8799851210245236 0.586709886547812 0.21174641974652603 0.09724473257698542
0 0.8941267901267369 0.48136142625607775 0.21174641974652603 0.09724473257698542
0 0.3836185136966283 0.1361426256077796 0.21174641974652603 0.09724473257698542
0 0.48261683981188724 0.6385737439222042 0.3272444668809948 0.5931928687196111
