1 0.6598379254457051 0.6742301458670988 0.04175040518638575 0.3371150729335494
1 0.7288168557536469 0.69935170178282 0.04175040518638582 0.37439222042139386
1 0.5481097131212446 0.4493903276319548 0.036304700162074426 0.18357112432490466
1 0.5935721714662718 0.4808243784061429 0.03630470016207447 0.15442468703598705
1 0.5717893513690269 0.4638494439324057 0.036304700162074446 0.18530463980650222
1 0.6353225766526573 0.5076095735920491 0.036304700162074446 0.18530463980650222
1 0.6752577468309394 0.514092555763848 0.036304700162074446 0.18530463980650222
1 0.7088395944808583 0.5011265914202501 0.036304700162074446 0.18530463980650222
1 0.7342528845943106 0.4784361538189535 0.036304700162074446 0.18530463980650222
1 0.765111879732074 0.4638494439324057 0.036304700162074446 0.18530463980650222
1 0.7887099348374224 0.43467602415931006 0.036304700162074446 0.18530463980650222
1 0.8168460774630303 0.41684782318686275 0.036304700162074446 0.18530463980650222
1 0.8458898375926899 0.39577813112851584 0.036304700162074446 0.18530463980650222
1 0.8685802751939865 0.3795706756990183 0.036304700162074446 0.18530463980650222
1 0.8894554777871794 0.35525949255477196 0.036304700162074446 0.18530463980650222
1 0.6364850102434525 0.2554980816025612 0.02955339230314421 0.1186829524239617
1 0.6736973279095789 0.23118689845831483 0.02955339230314421 0.1186829524239617
1 0.6982030005189793 0.21173795194291775 0.02955339230314421 0.1186829524239617
1 0.6670207859366934 0.40709359142278567 0.0295533923031442 0.042382035245544125
1 0.6987873985785086 0.3908861359932881 0.0295533923031442 0.042382035245544125
1 0.723293071187909 0.36981644393494123 0.0295533923031442 0.042382035245544125
1 0.6343465557908262 0.38926539045033837 0.0295533923031442 0.042382035245544125
1 0.6062104131652185 0.37143718947789106 0.0295533923031442 0.042382035245544125
1 0.5789818880436625 0.35036749741954415 0.0295533923031442 0.042382035245544125
1 0.6053027956611665 0.3341600419900466 0.0295533923031442 0.042382035245544125
1 0.6343465557908262 0.34874675187659443 0.0295533923031442 0.042382035245544125
1 0.6606674634083304 0.36819569839199157 0.0295533923031442 0.042382035245544125
1 0.6906188410420419 0.3519882429624939 0.0295533923031442 0.042382035245544125
1 0.6642979334245378 0.3309185509041471 0.0295533923031442 0.042382035245544125
1 0.6897112235379899 0.31146960438875004 0.0295533923031442 0.042382035245544125
1 0.749613978805413 0.3455052607906948 0.0295533923031442 0.042382035245544125
1 0.7187549836676496 0.3341600419900466 0.0295533923031442 0.042382035245544125
1 0.7777501214310207 0.32443556873234813 0.0295533923031442 0.042382035245544125
1 0.7450758912851536 0.30822811330285055 0.0295533923031442 0.042382035245544125
1 0.7133092786433385 0.298503640045152 0.0295533923031442 0.042382035245544125
1 0.7369073337486869 0.2774339479868051 0.0295533923031442 0.042382035245544125
1 0.768673946390502 0.2822961846156544 0.0295533923031442 0.042382035245544125
1 0.8058862640566286 0.30498662221695105 0.0295533923031442 0.042382035245544125
1 0.8303919366660288 0.29039991233040324 0.0295533923031442 0.042382035245544125
1 0.7995329415282656 0.2677094747291066 0.0295533923031442 0.042382035245544125
1 0.7659510938783466 0.251502019299609 0.0295533923031442 0.042382035245544125
1 0.8058862640566286 0.24015680049896077 0.0295533923031442 0.042382035245544125
1 0.8349300241862881 0.24339829158486023 0.0295533923031442 0.042382035245544125
1 0.8558052267794811 0.2725717113579559 0.0295533923031442 0.042382035245544125
1 0.7350920987405831 0.24663978267075976 0.0295533923031442 0.042382035245544125
1 0.7741196514148133 0.22070785398356368 0.0295533923031442 0.042382035245544125
1 0.052987662522691166 0.586286843401869 0.03778325323888005 0.050285502489254
1 0.0420962524740688 0.5587341691717232 0.03778325323888005 0.050285502489254
1 0.028481989913290838 0.5328022404845271 0.03778325323888005 0.050285502489254
1 0.018891626619440022 0.49876658408258223 0.03778325323888005 0.050285502489254
1 0.09383045020502503 0.5652171513435222 0.03778325323888005 0.050285502489254
1 0.0820314226523508 0.534422986027477 0.03778325323888005 0.050285502489254
1 0.06841716009157285 0.5117325484261803 0.03778325323888005 0.050285502489254
1 0.06024860255510608 0.4744554009383359 0.03778325323888005 0.050285502489254
1 0.13921132540761824 0.5392852226563261 0.03778325323888005 0.050285502489254
1 0.12105897532658096 0.519836276140929 0.03778325323888005 0.050285502489254
1 0.11379803529416606 0.4890421108248837 0.03778325323888005 0.050285502489254
1 0.09473806770907689 0.45986869105178807 0.03778325323888005 0.050285502489254
1 0.13376562038330703 0.43879899899344116 0.03778325323888005 0.050285502489254
1 0.14556464793598128 0.46311018213768756 0.03778325323888005 0.050285502489254
1 0.15917891049675922 0.48255912865308453 0.03778325323888005 0.050285502489254
1 0.18186934809805583 0.5117325484261803 0.03778325323888005 0.050285502489254
1 0.21908166576418225 0.49714583853963257 0.03778325323888005 0.050285502489254
1 0.20183693318719684 0.4712139098524363 0.03778325323888005 0.050285502489254
1 0.18822267062641887 0.44528198116524026 0.03778325323888005 0.050285502489254
1 0.17279317305753722 0.42259154356394363 0.03778325323888005 0.050285502489254
1 0.2544787484222049 0.4744554009383359 0.03778325323888005 0.050285502489254
1 0.2435873383735826 0.44852347225113975 0.03778325323888005 0.050285502489254
1 0.220896900772286 0.4258330346498432 0.03778325323888005 0.050285502489254
1 0.20909787321961176 0.39990110596264705 0.03778325323888005 0.050285502489254
1 0.29169106608833134 0.4614894365947378 0.03778325323888005 0.050285502489254
1 0.2753539510153978 0.43231601682164217 0.03778325323888005 0.050285502489254
1 0.26173968845461987 0.39990110596264705 0.03778325323888005 0.050285502489254
1 0.24086448586142697 0.38855588716199874 0.03778325323888005 0.050285502489254
1 0.27263109850324224 0.36910694064660166 0.03778325323888005 0.050285502489254
1 0.3216424437220429 0.43555750790754166 0.03778325323888005 0.050285502489254
1 0.3161967386977317 0.41124632476329537 0.03778325323888005 0.050285502489254
1 0.29350630109643505 0.3966596148767475 0.03778325323888005 0.050285502489254
1 0.35794714388411747 0.42421228910689335 0.03778325323888005 0.050285502489254
1 0.3397947938030802 0.39990110596264705 0.03778325323888005 0.050285502489254
1 0.32527291373825035 0.3755899228184007 0.03778325323888005 0.050285502489254
1 0.3080281811612649 0.35776172184595334 0.03778325323888005 0.050285502489254
1 0.39152899153403636 0.40638408813444604 0.03778325323888005 0.050285502489254
1 0.3788223464773102 0.3820729049901997 0.03778325323888005 0.050285502489254
1 0.34705573383549504 0.36910694064660166 0.03778325323888005 0.050285502489254
1 0.33707194129092455 0.33993352087350603 0.03778325323888005 0.050285502489254
1 0.480583468395462 0.18476499189627224 0.015429497568881628 0.06158833063209076
1 0.49601296596434374 0.20097244732576983 0.015429497568881628 0.06158833063209076
1 0.514165316045381 0.21393841166936783 0.015429497568881628 0.06158833063209076
1 0.5305024311183145 0.21880064829821713 0.015429497568881628 0.06158833063209076
1 0.5513776337115075 0.23500810372771463 0.022690437601296437 0.0745542949756888
1 0.5754294975688818 0.2163695299837925 0.02178282009724458 0.06645056726093994
1 0.5958508914100484 0.20421393841166932 0.022690437601296548 0.06482982171799032
1 0.619448946515397 0.17666126418152345 0.022690437601296548 0.06482982171799032
1 0.6394165316045379 0.15721231766612637 0.022690437601296548 0.06482982171799032
1 0.6602917341977309 0.15235008103727712 0.022690437601296548 0.06482982171799032
1 0.6829821717990275 0.15397082658022687 0.022690437601296548 0.06482982171799032
1 0.7002269043760129 0.14586709886547805 0.022690437601296548 0.06482982171799032
1 0.7183792544570501 0.13128038897893024 0.022690437601296548 0.06482982171799032
1 0.7410696920583467 0.12479740680713125 0.022690437601296548 0.06482982171799032
1 0.5504285335021122 0.1947191540273799 0.024941248320669445 0.03276930628037927
1 0.5186619208602969 0.16716647979723404 0.024941248320669445 0.03276930628037927
1 0.5368142709413343 0.1768909530549326 0.024941248320669445 0.03276930628037927
1 0.57856467612772 0.1768909530549326 0.024941248320669445 0.03276930628037927
1 0.5558742385264234 0.16716647979723404 0.024941248320669445 0.03276930628037927
1 0.5368142709413343 0.1574420065395355 0.024941248320669445 0.03276930628037927
1 0.5495209159980603 0.13475156893823892 0.024941248320669445 0.03276930628037927
1 0.5676732660790976 0.1460967877388872 0.024941248320669445 0.03276930628037927
1 0.591271321184446 0.154200515453636 0.024941248320669445 0.03276930628037927
1 0.6130541412816908 0.14285529665298768 0.024941248320669445 0.03276930628037927
1 0.5876408511682386 0.1315100778523394 0.024941248320669445 0.03276930628037927
1 0.5703961185912532 0.12178560459464084 0.024941248320669445 0.03276930628037927
1 0.6039779662411722 0.11206113133694232 0.024941248320669445 0.03276930628037927
1 0.6221303163222094 0.11854411350874133 0.024941248320669445 0.03276930628037927
1 0.6420979014113505 0.1234063501375906 0.024941248320669445 0.03276930628037927
1 0.6321141088667799 0.09747442145039448 0.024941248320669445 0.03276930628037927
1 0.6502664589478172 0.07640472939204765 0.024941248320669445 0.03276930628037927
1 0.6675111915248025 0.06830100167729887 0.024941248320669445 0.03276930628037927
1 0.6566197814761803 0.09585367590744476 0.024941248320669445 0.03276930628037927
1 0.6738645140531658 0.10881964025104279 0.024941248320669445 0.03276930628037927
1 0.698370186662566 0.10557814916514328 0.024941248320669445 0.03276930628037927
1 0.7147073017354996 0.08937069373564573 0.024941248320669445 0.03276930628037927
1 0.6874787766139435 0.07964622047794717 0.024941248320669445 0.03276930628037927
1 0.07060449050086355 0.6873920552677029 0.054162348877374776 0.18652849740932637
1 0.11799654576856648 0.6640759930915371 0.04642487046632123 0.17789291882556127
1 0.15958549222797927 0.6355785837651127 0.05609671848013806 0.17962003454231362
1 0.2006908462867012 0.6096718480138169 0.05319516407599309 0.17271157167530227
1 0.24663212435233156 0.5854922279792747 0.04642487046632123 0.15544041450777207
1 0.27758203799654574 0.5526770293609672 0.04835924006908463 0.15889464594127817
1 0.31772020725388594 0.5354058721934369 0.04932642487046628 0.15198618307426592
1 0.35012089810017266 0.5129533678756477 0.034818652849740915 0.14853195164076
1 0.37913644214162345 0.5051813471502591 0.03868739205526772 0.15371329879101908
1 0.4076683937823834 0.4879101899827289 0.0396545768566493 0.150259067357513
