1 0.13007736943907156 0.39674576310214604 0.08027079303675048 0.19105761260016574
1 0.2021276595744681 0.5594029197752604 0.1199226305609284 0.15491157778391823
1 0.28723404255319146 0.7547636317583126 0.11218568665377174 0.1841726535875472
1 0.4332688588007737 0.8150070231187252 0.12765957446808515 0.14630537901814505
1 0.5391682785299807 0.8666442157133646 0.11895551257253381 0.1841726535875472
1 0.6373307543520309 0.8761110343557152 0.14700193423597682 0.12048678272082526
1 0.6213733075435203 0.7495999124988486 0.1266924564796905 0.1635177765496914
1 0.5338491295938105 0.6988233397807866 0.08123791102514516 0.22376116791010417
1 0.4748549323017408 0.5731728378004973 0.14506769825918767 0.16179653679653683
1 0.4018375241779497 0.689356521138436 0.10154738878143135 0.16351777654969146
1 0.30415860735009675 0.6342768490374873 0.11508704061895557 0.14286289951183556
1 0.29642166344294 0.4526860550796721 0.09767891682785294 0.15491157778391823
1 0.3588007736943906 0.287447038776826 0.09090909090909087 0.17212397531546464
1 0.3529980657640232 0.2246217877866814 0.12379110251450676 0.146305379018145
1 0.40909090909090906 0.3313386524822695 0.1257253384912959 0.14974785852445424
1 0.4124758220502901 0.4767834116238372 0.0996131528046422 0.11360182370820673
1 0.49951644100580267 0.3709271668048264 0.09381044487427466 0.12565050198028918
1 0.5135396518375243 0.2358098461821866 0.1179883945841393 0.1617965367965368
1 0.4250483558994197 0.2177368287740628 0.049323017408123775 0.16007529704338214
1 0.5841392649903289 0.13683856037579442 0.08123791102514502 0.11876554296767063
1 0.6639264990328819 0.11446244358478401 0.10348162475822044 0.12220802247397992
1 0.7886847195357833 0.2280642672929907 0.0996131528046422 0.1772876945749286
1 0.7301740812379112 0.2865864189002487 0.06963249516440996 0.1566328175370729
1 0.629110251450677 0.3476904301372386 0.07059961315280461 0.18933637284701113
1 0.5754352030947776 0.2822833195173621 0.08704061895551263 0.12392926222713459
1 0.5575435203094777 0.37953336557059963 0.0880077369439072 0.14630537901814494
1 0.5793036750483557 0.5576816800221055 0.10251450676982583 0.17556645482177383
1 0.6590909090909091 0.569730358294188 0.10928433268858803 0.12737174173344384
1 0.6987427466150871 0.4673165929814866 0.13442940038684717 0.10843810444874279
