1 0.05824075438337999 0.8646677471636954 0.11648150876675999 0.2706645056726093
1 0.2070782378075733 0.8711507293354943 0.25021953735081776 0.17341977309562395
1 0.22918815382348612 0.6936790923824959 0.06363341682628555 0.2593192868719612
1 0.2917430381611905 0.7439222042139383 0.16070134079858556 0.14262560777957858
1 0.07603654044496831 0.666936790923825 0.15207308088993662 0.18962722852512143
1 0.09598939148371886 0.4902755267423015 0.19197878296743773 0.192868719611021
1 0.30953882422277884 0.41572123176661263 0.19197878296743773 0.14100486223662884
1 0.42709886547812 0.19367909238249595 0.21786356269338444 0.14100486223662886
1 0.2033033740975394 0.25202593192868716 0.24266980993074994 0.13452188006482976
1 0.6918785914247826 0.619124797406807 0.2103138352733167 0.24635332252836292
1 0.641726830705761 0.6774716369529983 0.21354943273905996 0.25931928687196115
1 0.46430823633416823 0.6944894651539708 0.2081567702961545 0.19286871961102114
1 0.5829468100780903 0.44489465153970825 0.15207308088993662 0.13128038897893027
1 0.748501547075291 0.3079416531604538 0.22649182260203332 0.25607779578606155
1 0.7657580668925889 0.11345218800648299 0.11432444378959772 0.12965964343598058
1 0.6131457197583616 0.20988654781199353 0.10461765139236774 0.31928687196110217
1 0.5468159717106233 0.16207455429497566 0.07549727420067776 0.32414910858995133
1 0.384496832179166 0.09238249594813615 0.09383232650655664 0.1458670988654781
1 0.46322970384558715 0.3962722852512155 0.10677471636953001 0.19935170178282013
1 0.33865920141446887 0.5113452188006482 0.09275379401797551 0.10858995137763365
1 0.16986886695152495 0.37844408427876813 0.2405127449535877 0.13776337115072934
1 0.08142920288787386 0.27714748784440846 0.16285840577574773 0.2722852512155592
1 0.1941358479446 0.08995137763371149 0.07765433917783998 0.17666126418152348
1 0.8088993664358322 0.7520259319286867 0.2027641078532487 0.2917341977309555
1 0.7884072491527923 0.526742301458671 0.2545336673051422 0.14586709886547816
1 0.9102814203624575 0.20340356564019452 0.10785324885811107 0.1896272285251216
1 0.8752291144835715 0.119935170178282 0.20168557536466777 0.23014586709886548
1 0.9734757624871077 0.3071312803889789 0.05304847502578454 0.31280388978930307
1 0.8827788419036395 0.8727714748784442 0.16285840577574773 0.2544570502431118
1 0.5376484455576838 0.9100486223662884 0.22757035509061438 0.17990275526742308
1 0.37263297480477375 0.8865478119935171 0.08736113157507006 0.22690437601296595
