1 0.7418306224539581 0.6681901279707495 0.16569772568291227 0.5466179159049359
1 0.708024477271525 0.6325411334552102 0.17236372614142034 0.5374771480804388
1 0.639936044016765 0.603290676416819 0.14665201008717532 0.5667276051188299
1 0.5799420398901932 0.5804387568555758 0.1180834366935698 0.5758683729433272
1 0.523757178882769 0.5484460694698354 0.110465150455275 0.5813528336380256
1 0.47614288989342635 0.5411334552102377 0.09713314953825901 0.5740402193784279
1 0.41900574310621524 0.5319926873857405 0.07999200550209558 0.5740402193784279
1 0.3628208820987908 0.5191956124314443 0.08761029174039042 0.5923217550274223
1 0.3085405926509403 0.513711151736746 0.07427829082337453 0.5923217550274223
1 0.25187958875362254 0.5137111517367459 0.05999400412657177 0.5996343692870201
