1 0.5247060556947105 0.8095623987034035 0.2771828495653456 0.12803889789303072
1 0.45064657731498203 0.6412930333539514 0.7111017271521366 0.12803889789303108
1 0.5716222189479889 0.7009724473257699 0.3170885516428465 0.12803889789303066
1 0.4756328274642702 0.9003241491085882 0.23080595255635714 0.12803889789303055
1 0.13643435980551025 0.9465153970826574 0.2728687196110205 0.1069692058346835
1 0.16879033446294361 0.8881685575364662 0.31816708413142725 0.11993517017828143
1 0.22972742006777644 0.8055105348460287 0.2912037719168996 0.1458670988654776
1 0.2637011934580814 0.722852512155591 0.31816708413142725 0.11993517017828143
1 0.3397377339030497 0.6466774716369525 0.28257551200825076 0.12641815235008036
1 0.8521408575217327 0.8703403565640194 0.2957182849565345 0.13290113452187996
1 0.8111566229556505 0.9562398703403565 0.377686754088699 0.08752025931928685
1 0.8818005009577132 0.7787682333873582 0.23639899808457343 0.11507293354943272
1 0.8931250920878149 0.7090761750405186 0.2137498158243702 0.08589951377633702
1 0.9066067481950789 0.6482982171799027 0.18678650360984222 0.09724473257698542
1 0.9254810667452483 0.5777957860615883 0.1490378665095035 0.08589951377633717
1 0.9066067481950789 0.5275526742301458 0.18678650360984222 0.0858995137763371
1 0.9103816119051128 0.4846029173419773 0.17923677618977452 0.07455429497568886
1 0.7037424487991748 0.5097244732576985 0.20599970531899217 0.10858995137763365
1 0.6589833505230588 0.5826580226904376 0.2804184470310889 0.08265802269043754
1 0.6244703108884633 0.6337115072933549 0.2739472520996023 0.08103727714748786
1 0.024266980993074994 0.7423014586709887 0.04853396198614999 0.09076175040518648
1 0.016177987328716666 0.8346839546191248 0.03235597465743333 0.07131280388978936
1 0.06794754678060999 0.6636952998379242 0.13589509356121998 0.09886547811993501
1 0.06686901429202888 0.5923824959481359 0.13373802858405776 0.043760129659643245
1 0.19737144541034332 0.5024311183144247 0.20060704287608666 0.11021069692058347
1 0.06632974804773832 0.5356564019448946 0.13050243111831442 0.07941653160453804
1 0.05554442316192722 0.47244732576985415 0.10893178134669221 0.05672609400324149
1 0.8568940621776926 0.3606158833063209 0.15423014586709896 0.07293354943273911
1 0.8736113157507 0.42706645056726095 0.24590540739649328 0.05996758508914098
1 0.7916428466185355 0.2925445705024311 0.12726683365257102 0.06969205834683954
1 0.9335700604096067 0.3217179902755268 0.13285987918078676 0.06320907617504055
1 0.9341093266538971 0.260129659643436 0.13178134669220568 0.05672609400324149
1 0.9497480477383232 0.19448946515397084 0.1005039045233535 0.05186385737439224
1 0.8887107705908355 0.2179902755267423 0.12079563872108451 0.043760129659643425
1 0.6433446294386326 0.3144246353322528 0.11324591130101666 0.032414910858995186
1 0.6611404155002211 0.2811993517017828 0.10353911890378668 0.027552674230145905
1 0.6783969353175189 0.26499189627228525 0.09922498894946223 0.034035656401944864
1 0.6972712538676882 0.2431118314424635 0.10246058641520563 0.03889789303079414
1 0.7328628259908649 0.21880064829821716 0.07873287166642101 0.04213938411669368
1 0.7991925740386033 0.23905996758508913 0.11648150876675999 0.0340356564019449
1 0.7668365993811699 0.18395461912479738 0.1251097686754089 0.04376012965964346
1 0.8099778989244143 0.15964343598055106 0.1337380285840578 0.06969205834683954
1 0.6072137910711655 0.17666126418152348 0.15099454840135543 0.06482982171799029
1 0.6622189479888021 0.12074554294975687 0.16825106821865332 0.06320907617504053
1 0.6638367467216737 0.08833063209076174 0.15207308088993662 0.05024311183144246
1 0.6881037277147487 0.05429497568881686 0.14452335346986886 0.047001620745542955
1 0.8617474583763076 0.10858995137763372 0.15099454840135565 0.051863857374392225
1 0.48102548990717553 0.16450567260940033 0.04529836452040662 0.03403565640194488
1 0.4923500810372772 0.13290113452188007 0.057162221894798936 0.029173419773095635
1 0.5042139384116695 0.10372771474878446 0.0830470016207456 0.03565640194489463
1 0.5123029320760277 0.06239870340356564 0.09059672904081331 0.04051863857374393
1 0.5236275232061294 0.030794165316045383 0.11971710623250331 0.04213938411669368
