2 0.08828076299713256 0.679902755267423 0.1209325520508665 0.24473257698541334
2 0.23460915097868096 0.6839546191247973 0.12576985413290115 0.25607779578606155
2 0.09009475127789553 0.9035656401944894 0.13907243485849644 0.18638573743922207
2 0.22312055853384855 0.913290113452188 0.12214187757137517 0.17341977309562395
2 0.3597743423513276 0.9124797406807131 0.11004862236628846 0.16207455429497572
2 0.362192993392345 0.6896272285251215 0.11004862236628857 0.2512155591572124
2 0.4891721730457547 0.7009724473257699 0.11488592444832314 0.24473257698541334
2 0.4855441964842287 0.9213938411669368 0.11730457548934055 0.15721231766612648
2 0.6167560154594188 0.9205834683954619 0.12335120309188369 0.15883306320907623
2 0.7479678344346092 0.927066450567261 0.12939783069442712 0.14586709886547808
2 0.8785749906495449 0.9246353322528362 0.1342351327764618 0.15072933549432746
2 0.8773656651290364 0.7034035656401945 0.11972322653035775 0.24311183144246357
2 0.7479678344346092 0.7163695299837926 0.11972322653035761 0.2366288492706645
2 0.6215933175414536 0.7147487844408428 0.1330258072559532 0.233387358184765
2 0.12456052861239249 0.4327390599675851 0.11125794788679716 0.24311183144246343
2 0.03204712629347964 0.41247974068071314 0.06409425258695924 0.2479740680713128
2 0.2497257199850392 0.4351701782820097 0.11730457548934048 0.23824959481361416
2 0.376704899638449 0.43679092382495954 0.1221418775713751 0.25121555915721233
2 0.5018700910110957 0.44408427876823336 0.10400199476374525 0.2366288492706645
2 0.6197793292606906 0.4586709886547813 0.12939783069442712 0.25607779578606155
2 0.7522004737563895 0.4635332252836305 0.12093255205086663 0.246353322528363
2 0.8791796534097993 0.45786061588330623 0.12576985413290118 0.23824959481361424
2 0.8828076299713252 0.20016207455429494 0.1160952499688318 0.2350081037277147
2 0.7515958109961351 0.20340356564019452 0.12456052861239257 0.24473257698541334
2 0.6155466899389102 0.2074554294975689 0.12093255205086637 0.24635332252836303
2 0.4928001496072808 0.1961102106969206 0.11972322653035782 0.23987034035656407
2 0.37610023687819466 0.19448946515397084 0.09674604164069316 0.233387358184765
2 0.25637701034783683 0.18395461912479738 0.11851390100984915 0.2576985413290113
2 0.12335120309188383 0.18881685575364668 0.1233512030918838 0.22852512155591573
2 0.027814486971699307 0.16450567260940033 0.05562897394339858 0.2188006482982172
