1 0.5405186385737439 0.7836304700162074 0.31280388978930307 0.41004862236628836
1 0.44165316045380876 0.7852512155591572 0.3030794165316045 0.42949756888168555
1 0.3055105348460292 0.7836304700162074 0.3192868719611021 0.42949756888168555
1 0.16288492706645055 0.7820097244732577 0.31280388978930307 0.4100486223662885
1 0.5194489465153971 0.6393841166936791 0.3030794165316045 0.4132901134521881
1 0.40437601296596426 0.6329011345218801 0.32252836304700155 0.406807131280389
1 0.2941653160453809 0.6369529983792545 0.33549432739059964 0.4019448946515399
1 0.16531604538087524 0.6361426256077796 0.32090761750405195 0.4035656401944896
1 0.8517017828200975 0.5526742301458671 0.23824959481361416 0.8006482982171801
1 0.660453808752026 0.4051863857374392 0.2350081037277147 0.5316045380875203
1 0.5097244732576985 0.36709886547811993 0.26742301458670986 0.5429497568881686
1 0.3225283630470016 0.32414910858995144 0.26256077795786054 0.4959481361426256
1 0.1361426256077796 0.2990275526742301 0.26580226904376014 0.4943273905996758
