1 0.34791814093637996 0.839546191247974 0.041648594973406075 0.19773095623987047
1 0.3941379231629648 0.8346839546191248 0.04469605314219187 0.2106969205834683
1 0.49013285547971774 0.7787682333873582 0.04368023375259661 0.06645056726093998
1 0.542955463738672 0.7706645056726095 0.04368023375259661 0.06645056726093998
1 0.5856198781016733 0.7641815235008103 0.04368023375259661 0.06645056726093998
1 0.6384424863606272 0.7512155591572123 0.04368023375259661 0.06645056726093998
1 0.6821227201132238 0.7495948136142626 0.04368023375259661 0.06645056726093998
1 0.7298662314242016 0.7414910858995138 0.04368023375259661 0.06645056726093998
1 0.7735464651767983 0.7301458670988654 0.04368023375259661 0.06645056726093998
1 0.8212899764877758 0.7285251215559156 0.04368023375259661 0.06645056726093998
1 0.8609069326819915 0.7220421393841167 0.04368023375259661 0.06645056726093998
1 0.9076346246033737 0.7106969205834683 0.04368023375259661 0.06645056726093998
1 0.46372155135024073 0.752836304700162 0.04368023375259661 0.06645056726093998
1 0.4342627890519779 0.7398703403565641 0.04368023375259661 0.06645056726093998
1 0.41191476248088194 0.7333873581847651 0.04368023375259661 0.06645056726093998
1 0.39261419407857173 0.7188006482982172 0.04368023375259661 0.06645056726093998
1 0.4383260666103591 0.6936790923824957 0.043680233752596595 0.03241491085899506
1 0.4911486748693132 0.6888168557536464 0.043680233752596595 0.03241491085899506
1 0.47997466158376517 0.7082658022690436 0.043680233752596595 0.03241491085899506
1 0.5195916177779807 0.7293354943273904 0.043680233752596595 0.03241491085899506
1 0.5327972698427192 0.6823338735818473 0.043680233752596595 0.03241491085899506
1 0.531781450453124 0.7034035656401941 0.043680233752596595 0.03241491085899506
1 0.5744458648161254 0.7277147487844405 0.043680233752596595 0.03241491085899506
1 0.6079679046727692 0.717990275526742 0.043680233752596595 0.03241491085899506
1 0.584604058712078 0.7034035656401941 0.043680233752596595 0.03241491085899506
1 0.5713984066473395 0.6774716369529982 0.043680233752596595 0.03241491085899506
1 0.6201577373479125 0.6709886547811992 0.043680233752596595 0.03241491085899506
1 0.6313317506334605 0.6936790923824957 0.043680233752596595 0.03241491085899506
1 0.659774693542128 0.7017828200972445 0.043680233752596595 0.03241491085899506
1 0.6607905129317233 0.6709886547811992 0.043680233752596595 0.03241491085899506
1 0.6902492752299862 0.6855753646677469 0.043680233752596595 0.03241491085899506
1 0.708534024242701 0.6985413290113449 0.043680233752596595 0.03241491085899506
1 0.708534024242701 0.6596434359805508 0.043680233752596595 0.03241491085899506
1 0.7318978702033923 0.6726094003241488 0.043680233752596595 0.03241491085899506
1 0.7603408131120598 0.6807131280388977 0.043680233752596595 0.03241491085899506
1 0.7887837560207274 0.6904376012965961 0.043680233752596595 0.03241491085899506
1 0.8334798091629193 0.6823338735818473 0.043680233752596595 0.03241491085899506
1 0.8751284041363253 0.6807131280388977 0.043680233752596595 0.03241491085899506
1 0.7958944917478942 0.6742301458670985 0.043680233752596595 0.03241491085899506
1 0.7511984386057025 0.6531604538087518 0.043680233752596595 0.03241491085899506
1 0.42359668546122753 0.46272285251215556 0.8106238728970254 0.8768233387358184
