1 0.17202593192868718 0.9319286871961103 0.12187417120966554 0.1329011345218801
1 0.660283616554381 0.9785748683791176 0.0330118649495069 0.041115119171674104
1 0.3898894946220716 0.9473257698541329 0.11324591130101673 0.10534846029173422
1 0.7134492411964046 0.9359805510534847 0.03559157212317722 0.053484602917342
1 0.5775541476351846 0.8743922204213939 0.03559157212317722 0.053484602917342
1 0.6670723441874168 0.9149108589951378 0.03559157212317722 0.053484602917342
1 0.6260881096213347 0.8889789303079416 0.03559157212317722 0.053484602917342
1 0.6088315898040368 0.9602917341977311 0.03559157212317722 0.053484602917342
1 0.7652188006482981 0.96677471636953 0.03559157212317722 0.053484602917342
1 0.9022926182407545 0.626418152350081 0.19541476351849113 0.19935170178282008
1 0.8315485486960367 0.3055105348460292 0.07118314424635329 0.5883306320907618
1 0.1935965817003094 0.5786061588330632 0.3871931634006188 0.2722852512155592
1 0.06471194931486667 0.34116693679092386 0.12942389862973333 0.19286871961102112
