1 0.42581503659347975 0.7335329341317365 0.06653359946773114 0.08982035928143717
1 0.4683965402528274 0.8193612774451098 0.08516300731869614 0.1177644710578841
1 0.26347305389221526 0.346307385229541 0.08516300731869614 0.1177644710578841
1 0.4271457085828343 0.9491017964071855 0.06653359946773114 0.08982035928143717
1 0.5508982035928139 0.9700598802395207 0.06653359946773112 0.059880239520957446
1 0.5282767797737857 0.719560878243513 0.06653359946773114 0.08982035928143717
1 0.4843646041250831 0.5099800399201597 0.06653359946773114 0.08982035928143717
1 0.6067864271457085 0.4860279441117764 0.06653359946773114 0.08982035928143717
1 0.02594810379241514 0.5359281437125748 0.05189620758483028 0.10578842315369266
1 0.09580838323353291 0.5658682634730539 0.06653359946773114 0.08982035928143717
1 0.435129740518962 0.40019960079840317 0.06653359946773114 0.08982035928143717
1 0.5029940119760478 0.3882235528942115 0.06653359946773114 0.08982035928143717
1 0.4271457085828343 0.4920159680638722 0.06653359946773114 0.08982035928143717
1 0.5389221556886228 0.498003992015968 0.06653359946773114 0.08982035928143717
1 0.5389221556886228 0.4281437125748503 0.06653359946773114 0.08982035928143717
1 0.5868263473053892 0.33433133732534925 0.06653359946773114 0.08982035928143717
1 0.45242847638057204 0.3283433133732535 0.06653359946773114 0.08982035928143717
1 0.39520958083832336 0.28842315369261473 0.06653359946773114 0.08982035928143717
1 0.4125083166999334 0.3542914171656686 0.06653359946773114 0.08982035928143717
1 0.46440452428476375 0.25249500998003993 0.06653359946773114 0.08982035928143717
1 0.3752495009980039 0.218562874251497 0.06653359946773114 0.08982035928143717
1 0.37258815701929465 0.15269461077844312 0.06653359946773114 0.08982035928143717
1 0.2461743180306054 0.11876247504990023 0.06653359946773114 0.08982035928143717
1 0.21556886227544908 0.07085828343313376 0.06653359946773114 0.08982035928143717
1 0.6267465069860279 0.29840319361277445 0.06653359946773114 0.08982035928143717
1 0.6786427145708582 0.3303393213572855 0.06653359946773114 0.08982035928143717
1 0.516300731869594 0.3283433133732535 0.06653359946773114 0.08982035928143717
1 0.5136393878908848 0.2684630738522954 0.06653359946773114 0.08982035928143717
1 0.48037258815701933 0.20459081836327342 0.06653359946773114 0.08982035928143717
1 0.5761809713905521 0.27644710578842313 0.06653359946773114 0.08982035928143717
1 0.681969394544245 0.26047904191616755 0.04657351962741188 0.061876247504989816
1 0.7445109780439121 0.2305389221556885 0.04657351962741188 0.061876247504989816
1 0.7245508982035928 0.16067864271457075 0.04657351962741188 0.061876247504989816
1 0.7415169660678644 0.7105788423153695 0.5169660678642716 0.3512974051896208
1 0.1490352628077179 0.8812375249500997 0.29008649367930806 0.2375249500998005
1 0.49101796407185616 0.10978043912175645 0.4204923486360611 0.21956087824351292
1 0.7585089141004864 0.4594813614262561 0.4819016747703945 0.39384116693679105
