1 0.7072841090794381 0.6961102106969201 0.3079144594432907 0.607779578606158
1 0.24816986283489065 0.5713128038897892 0.25184645339540757 0.5980551053484603
1 0.4453270316426092 0.452998379254457 0.19577844734752456 0.5267423014586708
1 0.7707052962483545 0.27633711507293357 0.1277615219779626 0.35494327390599656
1 0.6980926326781455 0.24392220421393845 0.11121686445563714 0.3192868719611019
1 0.6351310193292935 0.20421393841166938 0.09191476401292345 0.28525121555915695
1 0.537241795655531 0.22528363047001626 0.11121686445563733 0.3273905996758507
1 0.1636082799430012 0.4043760129659644 0.15809339410222778 0.4327390599675847
1 0.35295269380962146 0.3079416531604538 0.14154873657990166 0.31442463533225234
1 0.30883360708341867 0.26094003241491087 0.14154873657990166 0.31442463533225234
1 0.2523060272154714 0.1750405186385737 0.11673175029641256 0.22366288492706596
1 0.14154873657989975 0.2658022690437601 0.14154873657990166 0.25283630470016155
1 0.11811047175660455 0.21636952998379258 0.13143811253848026 0.2382495948136138
1 0.08548073053201712 0.18638573743922202 0.1011062404142158 0.22042139384116644
1 0.07674882795078947 0.14910858995137763 0.10018709277408658 0.18800648298217118
1 0.2008337593682348 0.1288492706645057 0.08915732109253593 0.1863857374392216
1 0.4894461183688111 0.16288492706645055 0.08180413997150232 0.21555915721231717
1 0.4480844745629958 0.126418152350081 0.07812754941098553 0.18152350081037225
1 0.9421100149021561 0.32333873581847655 0.11394167491542925 0.18962722852512104
1 0.8575484320102673 0.27876823338735823 0.09372042683258681 0.16207455429497503
1 0.855250562909944 0.21150729335494325 0.07441832638987313 0.13776337115072884
1 0.927403652660089 0.23987034035656407 0.08820554099181029 0.13938411669367867
1 0.3704001827417783 0.10210696920583472 0.08269065515103562 0.13290113452187954
