1 0.07466067595727241 0.7706645056726095 0.14932135191454482 0.17017828200972443
1 0.1402163914319506 0.9311183144246347 0.20273712007909744 0.137763371150728
1 0.3229225984493408 0.9116693679092382 0.13111143094935637 0.1604538087520256
1 0.8073064961233518 0.7350081037277149 0.09954756794302981 0.16045380875202597
1 0.8947141167562562 0.5218800648298217 0.14325137825948217 0.18152350081037283
1 0.7745286383860127 0.12479740680713128 0.1311114309493563 0.1458670988654781
1 0.761781693710381 0.3970826580226904 0.10318955213606758 0.17828200972447328
1 0.6191373128164053 0.9457050243111831 0.11654349417720575 0.10858995137763372
1 0.048559789240502374 0.6102106969205835 0.09711957848100475 0.17341977309562395
1 0.7938833042218963 0.8804697139452405 0.07216705888843311 0.19018966563512657
1 0.31442463533225284 0.7576985413290115 0.1359674098734067 0.1734197730956241
1 0.4904538713290739 0.9043760129659644 0.10925952579113037 0.1750405186385737
1 0.5377996658385638 0.7528363047001619 0.14082338879745684 0.13776337115072934
1 0.4097232217167388 0.6231766612641816 0.13960939406644435 0.1734197730956241
1 0.20455811217561626 0.659643435980551 0.11775748890821829 0.152350081037277
1 0.4534270320331909 0.4886547811993517 0.10561754159809268 0.12803889789303086
1 0.505628805466731 0.3824959481361427 0.1517493413765699 0.19773095623987036
1 0.6628411231328574 0.22123176661264182 0.1383953993354317 0.17666126418152353
1 0.5432626421281204 0.6158833063209076 0.12018547837024336 0.20097244732576997
1 0.6288492706645057 0.69935170178282 0.10925952579113045 0.18314424635332244
1 0.6610201310363385 0.5575364667747164 0.1517493413765699 0.19448946515397075
