1 0.5858995137763369 0.6880064829821717 0.12479740680713075 0.26742301458670975
1 0.6547811993517016 0.526742301458671 0.10048622366288491 0.3111831442463533
1 0.4821717990275527 0.5437601296596434 0.11831442463533222 0.19935170178282008
1 0.426256077795786 0.6239870340356565 0.14910858995137766 0.26904376012965975
1 0.4043760129659644 0.44327390599675853 0.10858995137763365 0.20583468395461907
1 0.4343598055105348 0.33630470016207453 0.14910858995137757 0.32901134521880065
1 0.8160453808752027 0.1888168557536467 0.2609400324149108 0.286871961102107
1 0.8014586709886548 0.48622366288492713 0.2317666126418152 0.26580226904376014
1 0.2941653160453809 0.7147487844408428 0.28363047001620745 0.24635332252836314
1 0.760129659643436 0.7285251215559156 0.3047001620745543 0.20583468395461912
1 0.5972447325769854 0.48298217179902747 0.06645056726094012 0.22042139384116688
1 0.6085899513776337 0.3727714748784441 0.10858995137763379 0.2884927066450567
1 0.5275526742301458 0.3573743922204214 0.11183144246353321 0.16693679092382496
