1 0.5748578164137322 0.2957860615883307 0.19629291292176226 0.21555915721231775
1 0.49720347723589214 0.4205834683954619 0.17472226315014006 0.10534846029173416
1 0.5872609400324148 0.45137763371150724 0.21462796522764102 0.192868719611021
1 0.7026639163105938 0.2479740680713128 0.19305731545601895 0.21393841166936794
1 0.9119994106379843 0.22933549432739056 0.17600117872403118 0.18638573743922204
1 0.8364019448946516 0.29497568881685576 0.13697362604980115 0.17828200972447328
1 0.9232238102254311 0.3549432739059968 0.14020922351554432 0.2301458670988655
1 0.9163135405923089 0.49027552674230146 0.16737291881538227 0.17017828200972446
1 0.8013496390157655 0.4521880064829822 0.14020922351554432 0.2171799027552674
1 0.9244025342566673 0.6831442463533225 0.15119493148666563 0.2544570502431118
1 0.8547369972005305 0.6272285251215559 0.22325622513629 0.09400324149108584
1 0.7706114630912038 0.4700162074554295 0.15423014586709868 0.1977309562398704
1 0.3936643583321055 0.49513776337115073 0.787328716664211 0.9902755267423015
