0 0.5008533664799959 0.7309395208071652 0.1649777775963818 0.49167294007024337
0 0.14118952578312444 0.45198711801257674 0.1649777775963816 0.0713082029025125
0 0.167111362777454 0.3870548074681212 0.14769807588485018 0.07110322524957591
0 0.19159819983886286 0.33256497474165575 0.11498048781653301 0.04640232803003843
0 0.21754671482091986 0.29120817258815834 0.11032202857140011 0.041484509784632265
0 0.24812669954760483 0.2571815119725583 0.1117845371927872 0.05122697461502032
0 0.28886219205171326 0.45198711801257674 0.1649777775963816 0.0713082029025125
0 0.4208250002066224 0.45198711801257674 0.1649777775963816 0.0713082029025125
0 0.5732106239093152 0.45036637246962696 0.1649777775963816 0.0713082029025125
0 0.7177413185551681 0.45360786355552646 0.1649777775963816 0.0713082029025125
0 0.8716979280692287 0.4487456269266772 0.1649777775963816 0.0713082029025125
0 0.33295993336147495 0.252319275343709 0.1117845371927872 0.05122697461502032
0 0.3188210610591633 0.28959642283155346 0.1117845371927872 0.05122697461502032
0 0.31567908943642736 0.33173580694824706 0.1117845371927872 0.05122697461502032
0 0.2959321993096273 0.3854340619251715 0.14769807588485018 0.07110322524957591
0 0.7059594960766664 0.3805718252963222 0.14769807588485018 0.07110322524957591
0 0.8363513184202076 0.3854340619251715 0.14769807588485018 0.07110322524957591
0 0.6683380511564578 0.32773036823123725 0.11958476038547229 0.05618206152459279
0 0.7885458186581852 0.32849431586234756 0.1117845371927872 0.05122697461502032
0 0.6487280814464361 0.29121716837450323 0.1117845371927872 0.05122697461502032
0 0.7618390598649296 0.2831134406597544 0.1117845371927872 0.05122697461502032
0 0.7351323010716743 0.2474570387148598 0.1117845371927872 0.05122697461502032
0 0.6345892091441245 0.2506985298007593 0.1117845371927872 0.05122697461502032
0 0.5371880888393106 0.2506985298007593 0.1117845371927872 0.05122697461502032
0 0.43507401110039273 0.2474570387148598 0.1117845371927872 0.05122697461502032
0 0.4287900678549207 0.34393460986375735 0.11178453719278714 0.15342036650762933
0 0.5340461172165747 0.345602048363485 0.11178453719278718 0.15027226133528587
0 0.6558865762461258 0.7463533225283631 0.230934914271091 0.4683954619124797
0 0.35582828627484436 0.7512155591572123 0.20894111291193954 0.4586709886547811
0 0.1979442122323637 0.7512155591572122 0.26392561630981826 0.48784440842787674
