1 0.2081068545550245 0.6766612641815233 0.29633065293636357 0.2123176661264177
1 0.6070135027385909 0.7560777957860617 0.6179887121066043 0.306320907617504
1 0.43436501691099444 0.4643435980551054 0.25918379046001033 0.1896272285251215
1 0.6728647589466716 0.5235008103727715 0.3376987497850297 0.24635332252836314
1 0.2722696170141802 0.4764991896272285 0.2929536654385132 0.20421393841166938
1 0.45462694189809627 0.24473257698541326 0.11228483430352242 0.25283630470016205
1 0.6112347371109037 0.24149108589951374 0.14183347490971238 0.25931928687196104
1 0.7783956182544935 0.23824959481361424 0.12832552491831123 0.29497568881685576
1 0.22712015847916436 0.23126142595978066 0.0923717206393247 0.2541133455210238
1 0.32663402246689044 0.2230347349177331 0.14284286696802792 0.28519195612431447
