1 0.08157905801071723 0.2579566124710284 0.08497963117087913 0.4894651539708271
1 0.16879475587804113 0.25331169819313776 0.11373165918401938 0.5066233963862755
1 0.08187923834596315 0.72876948699021 0.07862701195469128 0.476179771986298
1 0.13917976722783768 0.7126413321656835 0.07326584198033236 0.32636380392456643
1 0.21335451208280162 0.7634345094420647 0.07326584198033237 0.4629924371012869
1 0.33111200099101984 0.7634345094420624 0.07326584198033237 0.4629924371012869
1 0.31830472386443015 0.2736108417236664 0.0867888517137453 0.49287384986056026
1 0.38678563147865697 0.2975143066186592 0.09555601713621298 0.4986828920096517
1 0.38015728001151095 0.8556888808861381 0.05658378368858373 0.2780861983962693
1 0.4384290271001138 0.8604393878294707 0.05658378368858373 0.2780861983962693
1 0.5069909036276469 0.8658579963807385 0.07485223590393875 0.2669099547070345
1 0.5811962149176154 0.833444139119624 0.07485223590393875 0.29608267207026623
1 0.7764309898756031 0.7462919359839265 0.07485223590393868 0.2960826720702665
1 0.8395587158882563 0.7868105745576705 0.07485223590393868 0.2960826720702665
1 0.9051144313629345 0.8159839943307661 0.07485223590393868 0.2960826720702665
1 0.9466537227789275 0.790925300202537 0.07485223590393855 0.29608267207026645
1 0.9502957069719651 0.33225431154775587 0.07485223590393855 0.29608267207026645
1 0.8895959704213371 0.3128053650323588 0.07485223590393855 0.29608267207026645
1 0.8252542496776714 0.30632238286055974 0.07485223590393855 0.29608267207026645
1 0.7572705447409682 0.25932076211501676 0.07485223590393855 0.29608267207026645
1 0.6880728450732522 0.2690452353727153 0.07485223590393855 0.29608267207026645
1 0.63951305583275 0.2479755433143685 0.07485223590393855 0.29608267207026645
1 0.572061391331364 0.2862843766126781 0.07485223590393854 0.4266439638673546
1 0.5150036389737738 0.24576573803893417 0.07485223590393854 0.4266439638673546
1 0.45066192230614166 0.2636024423251623 0.06271229674588216 0.27431088945767274
1 0.3965765347761396 0.5901947325973268 0.047055588215402774 0.13004021564181317
1 0.44580594338209145 0.5845100598292141 0.06271229674588216 0.27431088945767274
1 0.514915720787454 0.6122050791714163 0.04936613654813617 0.23965796322114227
1 0.7164388461355388 0.7175535394631506 0.04936613654813617 0.23965796322114227
1 0.7310067829076895 0.5327885475668782 0.04936613654813617 0.23965796322114227
1 0.781994561610217 0.5182018376803303 0.04936613654813617 0.23965796322114227
1 0.8390523139678073 0.5441337663675265 0.04936613654813617 0.23965796322114227
1 0.8997520505184353 0.5862731504842202 0.04936613654813617 0.23965796322114227
1 0.9422894888000803 0.5632704621966063 0.04936613654813613 0.23965796322114227
1 0.6257229131618037 0.5577107055343222 0.049366136548136146 0.23965796322114216
1 0.6372278207976925 0.8700852698422142 0.04936613654813616 0.24616658214260323
1 0.6621427550921806 0.5966085985651164 0.049366136548136146 0.23965796322114216
1 0.63425458159323 0.6585994492859002 0.043330726573915054 0.1961602235659436
1 0.6853527995126809 0.5289707722795917 0.04333072657391504 0.19616022356594384
