1 0.06537410193763758 0.826580226904376 0.13074820387527517 0.07455429497568886
1 0.19043760129659645 0.8330632090761749 0.13074820387527517 0.07455429497568886
1 0.3155011006555553 0.8476499189627228 0.13074820387527517 0.07455429497568886
1 0.45761871356346306 0.8865478119935168 0.13529596748832826 0.07455429497568884
1 0.6213382036333729 0.899513776337115 0.13074820387527517 0.07455429497568886
1 0.6270229081496892 0.852512155591572 0.13074820387527517 0.07455429497568886
1 0.6395292580855851 0.8095623987034039 0.10573550400348315 0.05024311183144215
1 0.6395292580855851 0.76904376012966 0.10573550400348315 0.05024311183144215
1 0.6338445535692687 0.7406807131280394 0.08754444955127103 0.03889789303079386
1 0.6383923171823218 0.7115072933549438 0.08754444955127103 0.03889789303079386
1 0.6338445535692687 0.6823338735818482 0.08754444955127103 0.03889789303079386
1 0.48206294298362307 0.8241491085899512 0.12506349935895897 0.06969205834683972
1 0.503664820145625 0.7876823338735812 0.11824185393937954 0.05186385737439265
1 0.5150342291782576 0.7536466774716366 0.11142020851979983 0.055105348460291824
1 0.5275405791141533 0.7277147487844404 0.1023246812936938 0.05186385737439258
1 0.5383415176951544 0.7074554294975683 0.09209221316432446 0.05024311183144274
1 0.5440262222114708 0.6815235008103722 0.08072280413169156 0.0437601296596437
1 0.35813638452792756 0.8063209076175043 0.12278961755243252 0.05996758508914067
1 0.39565543433561506 0.7552674230145863 0.11142020851979983 0.055105348460291824
1 0.40020319794866815 0.7293354943273903 0.10005079948716702 0.055105348460291886
1 0.43374295459493445 0.6993517017828195 0.08981833135779778 0.05024311183144282
1 0.4502285976922517 0.6734197730956233 0.08868139045453458 0.047001620745543295
1 0.7879000459614407 0.9132901134521879 0.12051573574590604 0.06320907617504075
1 0.779372989186966 0.8549432739059962 0.11483103122958975 0.05672609400324166
1 0.7600449938314909 0.8079416531604541 0.10573550400348315 0.05024311183144215
1 0.7350322939596993 0.7722852512155595 0.10573550400348315 0.05024311183144215
1 0.7304845303466462 0.7487844408427878 0.09436609497085029 0.042139384116694004
1 0.7145673577009604 0.6839546191247979 0.08754444955127103 0.03889789303079386
1 0.7247998258303298 0.7147487844408434 0.08754444955127103 0.03889789303079386
1 0.9146689566752947 0.9003241491085905 0.10118774039043008 0.05996758508914053
1 0.9169428384818212 0.8581847649918967 0.10118774039043008 0.05996758508914053
1 0.9112581339655048 0.8257698541329015 0.10118774039043008 0.05996758508914053
1 0.8828346113839233 0.7779578606158839 0.09209221316432407 0.04538087520259266
1 0.7896054573163356 0.6839546191247979 0.08754444955127103 0.03889789303079386
1 0.7975640436391785 0.7147487844408432 0.08754444955127103 0.03889789303079386
1 0.8782868477708701 0.6888168557536472 0.08754444955127103 0.03889789303079386
1 0.8828346113839232 0.7212317666126422 0.08754444955127103 0.03889789303079386
1 0.835083093446866 0.7406807131280394 0.08754444955127103 0.03889789303079386
1 0.9055734294491883 0.7455429497568886 0.08754444955127103 0.03889789303079386
1 0.969302595611892 0.708265802269044 0.061394808776215906 0.038897893030793856
1 0.969302595611892 0.7374392220421396 0.061394808776215906 0.038897893030793856
1 0.9766927114831031 0.7779578606158833 0.046614577033793125 0.03889789303079384
1 0.9818089455477876 0.8452188006482987 0.03638210890442375 0.056726094003240475
