1 0.5787562615814736 0.7177170873130891 0.12965964343598058 0.056726094003241995
1 0.9423170772333591 0.5362643549143042 0.1506135366397412 0.058932059333646224
1 0.8377953667803382 0.6994455661855717 0.16327651077868996 0.06642158468957295
1 0.6799449072654474 0.4726025306299884 0.12965964343598033 0.056726094003241974
1 0.7105265296530748 0.5743996968335914 0.1588256514439892 0.056726094003242154
1 0.7559074048556681 0.5792619334624408 0.1588256514439892 0.05672609400324216
1 0.8029090256012111 0.6392295185515817 0.1588256514439892 0.05672609400324216
1 0.8980565755081205 0.5877463585396371 0.15882565144398905 0.05672609400324239
1 0.7455486117648198 0.5768126055702291 0.15882565144398897 0.05672609400324241
1 0.683512417632063 0.590853570688438 0.15882565144398897 0.056726094003242536
1 0.4756100888521957 0.5647496022122286 0.9136767272518387 0.6110210696920589
