1 0.3905996758508914 0.8687196110210698 0.2690437601296596 0.26256077795786054
1 0.2730956239870341 0.8492706645056726 0.1928687196110211 0.3014586709886548
1 0.21150729335494328 0.853322528363047 0.2576985413290114 0.29335494327390593
1 0.5048622366288492 0.8038897893030794 0.23176661264181525 0.3500810372771474
1 0.43679092382495943 0.7366288492706644 0.2382495948136143 0.4619124797406808
1 0.35008103727714746 0.7649918962722854 0.21393841166936792 0.46353322528363045
1 0.28606158833063206 0.7414910858995136 0.24797406807131278 0.5170178282009725
1 0.21474878444084283 0.7633711507293355 0.27714748784440846 0.4635332252836303
1 0.6645056726094003 0.7252836304700162 0.2755267423014587 0.4781199351701783
1 0.8273905996758509 0.6231766612641816 0.28687196110210705 0.6628849270664507
1 0.4983792544570502 0.5891410048622366 0.299837925445705 0.773095623987034
1 0.5526742301458671 0.42301458670988656 0.3371150729335494 0.8200972447325771
