2 0.1651534001415299 0.7747163695299838 0.061616864884607485 0.44732576985413286
2 0.24899274088615972 0.7755267423014587 0.06161686488460745 0.44894651539708263
2 0.12626406738649074 0.24311183144246354 0.058586527267331726 0.46353322528363045
2 0.1813152007670007 0.24230145867098865 0.04747528933732052 0.46191247974068067
2 0.23939667176478643 0.24311183144246354 0.04848540187641245 0.45380875202593196
2 0.2949528614148424 0.24230145867098865 0.04848540187641248 0.44894651539708263
2 0.4752579496427511 0.24311183144246354 0.06767754011915905 0.4084278768233387
2 0.5495012212660076 0.2382495948136143 0.06868765265825097 0.3987034035656402
2 0.6247546054283561 0.24230145867098865 0.0737382153537105 0.406807131280389
2 0.8272821695162872 0.25283630470016205 0.06464720250188322 0.44732576985413286
2 0.8924344282877165 0.2504051863857375 0.05757641472823991 0.4619124797406808
2 0.9681871618691076 0.2487844408427877 0.06362567626178475 0.4651539708265803
2 0.927788367155934 0.7641815235008103 0.055556189650055925 0.4489465153970826
2 0.845969251489488 0.76580226904376 0.057576414728239766 0.4392220421393841
2 0.6419265185929188 0.7601296596434359 0.043434839180952735 0.4505672609400324
2 0.585360216403771 0.7585089141004862 0.04747528933732042 0.4570502431118314
2 0.530814139292807 0.7585089141004864 0.047475289337320634 0.45056726094003247
2 0.47424783710365914 0.7609400324149108 0.047475289337320564 0.45542949756888157
