1 0.1402163914319506 0.5259319286871961 0.09347759428796706 0.5883306320907618
1 0.19241816486549065 0.5170178282009725 0.05220177343354002 0.6256077795786061
1 0.23976395937498046 0.5218800648298217 0.05220177343354002 0.6256077795786061
1 0.27011382765029446 0.5105348460291733 0.05220177343354002 0.6256077795786061
1 0.2931797275395331 0.5218800648298217 0.05220177343354002 0.6256077795786061
1 0.33020656683541605 0.5356564019448945 0.06069973655062794 0.6726094003241491
1 0.3569144509176923 0.5291734197730955 0.06069973655062794 0.6726094003241491
1 0.3896923086550314 0.532414910858995 0.06069973655062794 0.6726094003241491
1 0.41761418746832035 0.525931928687196 0.06069973655062794 0.6726094003241491
1 0.47102995563287237 0.5332252836304697 0.060699736550627874 0.73257698541329
1 0.5013798239081866 0.5097244732576983 0.0704116943987287 0.8055105348460293
1 0.557830578900271 0.5081037277147485 0.0837656364398674 0.808752025931929
1 0.6276352759334932 0.4837925445705021 0.09711957848100548 0.8314424635332255
0 0.798808533006264 0.473257698541329 0.3981902717721194 0.946515397082658
