1 0.28729347367921115 0.8792544570502432 0.2162893832261743 0.2414910858995136
1 0.8651575329046967 0.807941653160454 0.2162893832261743 0.2414910858995136
1 0.1267149921931122 0.6426256077795783 0.24906050189680676 0.2414910858995136
1 0.43913299018647484 0.7220421393841167 0.2162893832261743 0.2414910858995136
1 0.23485968380619923 0.707455429497569 0.2162893832261743 0.2414910858995136
1 0.3288035573286788 0.5478119935170178 0.1551166283743274 0.18152350081037277
1 0.6215588841196621 0.48055105348460275 0.1179760272142769 0.2414910858995135
1 0.765751806270445 0.5551053484602915 0.11142180348015049 0.20259319286871974
1 0.7171413135756733 0.7747163695299834 0.1321768453048842 0.24635332252836295
1 0.8580571238593931 0.5413290113452186 0.09503624414483366 0.17179902755267398
1 0.8853663894182536 0.4213938411669366 0.09503624414483366 0.17179902755267398
1 0.9367078086689111 0.6029173419773093 0.09503624414483366 0.17179902755267398
1 0.820916522699343 0.6401944894651538 0.09503624414483366 0.17179902755267398
1 0.46753462636768994 0.5575364667747158 0.14419292215078242 0.1717990275526738
1 0.3430043754192866 0.41329011345218747 0.14419292215078242 0.1717990275526738
1 0.2086427888696936 0.33711507293354886 0.14419292215078242 0.1717990275526738
1 0.07209646107539122 0.4051863857374386 0.14419292215078242 0.1717990275526738
1 0.16822507584258023 0.4797406807131274 0.14419292215078242 0.1717990275526738
1 0.254522355008579 0.4716369529983787 0.14419292215078242 0.1717990275526738
1 0.4893820388147782 0.4521880064829816 0.14419292215078242 0.1717990275526738
1 0.5068599687724489 0.3322528363046996 0.14419292215078242 0.1717990275526738
1 0.4260245427182221 0.3354943273905991 0.14419292215078242 0.1717990275526738
1 0.6062656954067005 0.316045380875202 0.14419292215078242 0.1717990275526738
1 0.7449967644457112 0.3970826580226898 0.14419292215078242 0.1717990275526738
1 0.8198241520769887 0.345218800648298 0.09503624414483366 0.17179902755267398
1 0.8515029001252669 0.25607779578606144 0.07318883169774477 0.11669367909238215
1 0.9634055841511275 0.4570502431118313 0.07318883169774477 0.11669367909238215
1 0.6920167892615221 0.2317666126418151 0.07318883169774477 0.11669367909238215
1 0.5849644682707897 0.1977309562398702 0.07318883169774477 0.11669367909238215
1 0.6461372231226369 0.17341977309562384 0.07318883169774477 0.11669367909238215
1 0.5128680071953983 0.218800648298217 0.07318883169774477 0.11669367909238215
1 0.4746350354129938 0.18152350081037263 0.07318883169774477 0.11669367909238215
1 0.41783176305056413 0.22528363047001604 0.07318883169774477 0.11669367909238215
1 0.38506064437993176 0.15721231766612628 0.07318883169774477 0.11669367909238215
1 0.3468276725975272 0.22690437601296579 0.07318883169774477 0.11669367909238215
1 0.29657862396922413 0.24311183144246334 0.07318883169774477 0.11669367909238215
1 0.21246608604793424 0.1823338735818475 0.10377520912366837 0.12155591572123145
1 0.12944591874899863 0.1555915721231765 0.07318883169774477 0.11669367909238215
1 0.05461853111772065 0.1037277147487843 0.1092370622354413 0.18476499189627194
1 0.06936553451950583 0.21555915721231753 0.07318883169774477 0.11669367909238215
1 0.746635320379243 0.22528363047001604 0.07318883169774477 0.11669367909238215
1 0.5456391258660307 0.11345218800648282 0.07318883169774477 0.11669367909238215
1 0.3293497426398565 0.09724473257698525 0.09722098538954196 0.11669367909238212
1 0.19826526795732677 0.09724473257698525 0.09722098538954196 0.11669367909238212
1 0.1633094080419855 0.058346839546191076 0.09722098538954196 0.11669367909238212
1 0.27582358214449015 0.05834683954619106 0.09722098538954196 0.11669367909238212
1 0.3894301268693494 0.08589951377633696 0.09722098538954196 0.11669367909238212
1 0.5560166467783971 0.6685575364667747 0.2141046419814652 0.22852512155591576
