2 0.3071406669461775 0.6880064829821717 0.1286834414873313 0.20907617504051865
2 0.09894057057752358 0.6280388978930308 0.16146129922467037 0.293354943273906
2 0.19302516223099694 0.48541329011345213 0.11897148363923081 0.3160453808752026
2 0.34234651414554174 0.43354943273905994 0.16510328341770802 0.3873581847649919
2 0.49409585552211155 0.6458670988654782 0.13353942041138153 0.29659643435980554
2 0.4904538713290739 0.45461912479740685 0.06312772601265301 0.25121555915721233
2 0.5566165841692584 0.3573743922204214 0.1444653729904946 0.306320907617504
2 0.6397752232436187 0.406807131280389 0.05827174708860291 0.2982171799027553
2 0.6379542311470999 0.6053484602917343 0.09590558374999211 0.2609400324149109
2 0.8382633617641722 0.5834683954619124 0.15417733083859503 0.3079416531604538
2 0.8012365224682891 0.4027552674230146 0.09954756794302995 0.280388978930308
