1 0.4173419773095617 0.5502431118314417 0.09608705718916413 0.8022690437601283
1 0.4428108358416293 0.555105348460291 0.09608705718916413 0.8022690437601283
1 0.46712201898587563 0.56158833063209 0.09608705718916413 0.8022690437601283
1 0.505325306783977 0.5534846029173413 0.09608705718916413 0.8022690437601283
1 0.5354248668673296 0.5502431118314418 0.09608705718916413 0.8022690437601283
1 0.5585783746237548 0.5599675850891402 0.09608705718916413 0.8022690437601283
1 0.5852049085436436 0.5518638573743915 0.09608705718916413 0.8022690437601283
1 0.5643667515628608 0.544570502431117 0.21185459597128908 0.8006482982171775
1 0.6014123639731409 0.5364667747163684 0.21185459597128908 0.8006482982171775
1 0.6338272748321361 0.538087520259318 0.21185459597128908 0.8006482982171775
1 0.6673998610789523 0.538087520259318 0.21185459597128908 0.8006482982171775
1 0.6274600601991189 0.465964343598053 0.36814077332715806 0.893030794165312
