1 0.058210293218396936 0.3703403565640195 0.032949222576451095 0.034035656401944864
1 0.07029167482976234 0.3460291734197732 0.032949222576451095 0.034035656401944864
1 0.08676628611798791 0.3168557536466775 0.032949222576451095 0.034035656401944864
1 0.08017644160269768 0.3914100486223663 0.032949222576451095 0.034035656401944864
1 0.09445443805249315 0.360615883306321 0.032949222576451095 0.034035656401944864
1 0.10543751224464351 0.3346839546191248 0.032949222576451095 0.034035656401944864
1 0.1021425899869984 0.4108589951377634 0.032949222576451095 0.034035656401944864
1 0.11532227901757885 0.3833063209076175 0.032949222576451095 0.034035656401944864
1 0.12410873837129914 0.3573743922204214 0.032949222576451095 0.034035656401944864
1 0.14717319417481492 0.373581847649919 0.032949222576451095 0.034035656401944864
1 0.13838673482109462 0.3978930307941653 0.032949222576451095 0.034035656401944864
1 0.12191212353286908 0.42706645056726095 0.032949222576451095 0.034035656401944864
1 0.13179689030580438 0.4708265802269043 0.032949222576451095 0.034035656401944864
1 0.14497657933638483 0.446515397082658 0.032949222576451095 0.034035656401944864
1 0.1559596535285352 0.42706645056726095 0.032949222576451095 0.034035656401944864
1 0.16913934255911567 0.3995137763371151 0.032949222576451095 0.034035656401944864
1 0.37122790769468245 0.2893030794165316 0.032949222576451095 0.034035656401944864
1 0.3624414483409622 0.2504051863857375 0.032949222576451095 0.034035656401944864
1 0.356949911244887 0.21799027552674233 0.032949222576451095 0.034035656401944864
1 0.34816345189116665 0.18395461912479746 0.032949222576451095 0.034035656401944864
1 0.33937699253744646 0.14343598055105353 0.032949222576451095 0.034035656401944864
1 0.3964889783366283 0.28119935170178284 0.032949222576451095 0.034035656401944864
1 0.38221098188683283 0.2423014586709887 0.032949222576451095 0.034035656401944864
1 0.3811126744676178 0.21150729335494328 0.032949222576451095 0.034035656401944864
1 0.36793298543703734 0.17260940032414915 0.032949222576451095 0.034035656401944864
1 0.4217500489785742 0.2714748784440843 0.032949222576451095 0.034035656401944864
1 0.4052754376903486 0.23257698541329017 0.032949222576451095 0.034035656401944864
1 0.4030788228519186 0.19854132901134527 0.032949222576451095 0.034035656401944864
1 0.39319405607898317 0.16450567260940033 0.032949222576451095 0.034035656401944864
1 0.36353975576017716 0.13695299837925448 0.032949222576451095 0.034035656401944864
1 0.38221098188683283 0.1256077795786062 0.032949222576451095 0.034035656401944864
1 0.4382246602667997 0.26337115072933553 0.032949222576451095 0.034035656401944864
1 0.42943820091307944 0.22447325769854143 0.026359378061160937 0.034035656401944864
1 0.4217500489785742 0.18881685575364673 0.026359378061160937 0.034035656401944864
1 0.415160204463284 0.14991896272285257 0.026359378061160937 0.034035656401944864
1 0.40966866736720875 0.11102106969205842 0.026359378061160937 0.034035656401944864
1 0.4634857309087456 0.2520259319286873 0.026359378061160937 0.034035656401944864
1 0.4514043492973802 0.21799027552674236 0.026359378061160937 0.034035656401944864
1 0.4448145047820899 0.17585089141004873 0.026359378061160937 0.034035656401944864
1 0.4371263528475847 0.14343598055105355 0.026359378061160937 0.034035656401944864
1 0.43053650833229445 0.10291734197730965 0.026359378061160937 0.034035656401944864
1 0.48105864961618616 0.24716369529983798 0.026359378061160937 0.034035656401944864
1 0.4755671125201109 0.20988654781199362 0.026359378061160937 0.034035656401944864
1 0.4711738828432508 0.16936790923824965 0.026359378061160937 0.034035656401944864
1 0.4601908086511004 0.13047001620745552 0.026359378061160937 0.034035656401944864
1 0.4536009641358102 0.09319286871961109 0.026359378061160937 0.034035656401944864
1 0.506319720258132 0.240680713128039 0.026359378061160937 0.034035656401944864
1 0.4964349534851966 0.20340356564019454 0.026359378061160937 0.034035656401944864
1 0.49533664606598166 0.16612641815235016 0.026359378061160937 0.034035656401944864
1 0.48545187929304634 0.12398703403565647 0.026359378061160937 0.034035656401944864
1 0.47776372735854106 0.0818476499189628 0.026359378061160937 0.034035656401944864
1 0.4997298757428418 0.07374392220421401 0.026359378061160937 0.034035656401944864
1 0.504123105419702 0.09967585089141012 0.026359378061160937 0.034035656401944864
1 0.5238926389655726 0.22285251215559165 0.026359378061160937 0.034035656401944864
1 0.5194994092887124 0.18557536466774724 0.026359378061160937 0.034035656401944864
1 0.5623333986380988 0.127228525121556 0.026359378061160937 0.034035656401944864
1 0.5337774057385078 0.14343598055105355 0.026359378061160937 0.034035656401944864
1 0.5502520170267334 0.09319286871961109 0.026359378061160937 0.034035656401944864
1 0.5436621725114432 0.059157212317666207 0.026359378061160937 0.034035656401944864
1 0.5216960241271424 0.06239870340356571 0.026359378061160937 0.034035656401944864
1 0.5304824834808628 0.10615883306320915 0.026359378061160937 0.034035656401944864
1 0.5151061796118522 0.14829821717990282 0.026359378061160937 0.034035656401944864
1 0.5480554021883034 0.2163695299837926 0.026359378061160937 0.034035656401944864
1 0.5700215505726041 0.20340356564019454 0.026359378061160937 0.034035656401944864
1 0.5634317060573139 0.16612641815235016 0.026359378061160937 0.034035656401944864
1 0.5392689428345832 0.180713128038898 0.026359378061160937 0.034035656401944864
1 0.43273312317072454 0.02998379254457059 0.026359378061160937 0.034035656401944864
1 0.40527543769034857 0.04294975688816864 0.026359378061160937 0.034035656401944864
1 0.38221098188683283 0.05429497568881694 0.026359378061160937 0.034035656401944864
1 0.36024483350253206 0.067260940032415 0.026359378061160937 0.034035656401944864
1 0.3316888406029412 0.07050243111831452 0.026359378061160937 0.034035656401944864
1 0.30972269221864046 0.0786061588330633 0.026359378061160937 0.034035656401944864
1 0.3305905331837261 0.02836304700162083 0.026359378061160937 0.034035656401944864
1 0.35145837414881187 0.01863857374392229 0.026359378061160937 0.034035656401944864
1 0.3734245225331126 0.01701782820097243 0.026359378061160937 0.034035656401944864
1 0.4525026567165952 0.02025931928687205 0.026359378061160937 0.034035656401944864
1 0.29654300318806004 0.017017828200972432 0.026359378061160937 0.034035656401944864
1 0.3086243847994254 0.05267423014586718 0.026359378061160937 0.034035656401944864
1 0.5123604110638145 0.6774716369529982 0.6095606176643452 0.6353322528363042
