1 0.48529323488804854 0.7982171799027553 0.37691338015487136 0.37115072933549426
1 0.805600576265082 0.7042139384116695 0.04832222822498337 0.06320907617504062
1 0.6951497688936912 0.8273905996758509 0.04832222822498337 0.06320907617504062
1 0.7075754847229727 0.7755267423014587 0.04832222822498337 0.06320907617504062
1 0.6965304039858335 0.8857374392220422 0.04832222822498337 0.06320907617504062
1 0.7006723092622608 0.9376012965964344 0.04832222822498337 0.06320907617504062
1 0.7351881865658204 0.9294975688816857 0.04832222822498337 0.06320907617504062
1 0.7614202533165259 0.7593192868719612 0.04832222822498337 0.06320907617504062
1 0.7862716849750886 0.8371150729335494 0.04832222822498337 0.06320907617504062
1 0.7821297796986615 0.8792544570502432 0.04832222822498337 0.06320907617504062
1 0.7931748604358007 0.9246353322528365 0.04832222822498337 0.06320907617504062
1 0.7420913620265323 0.8743922204213939 0.04832222822498337 0.06320907617504062
1 0.8249294675550755 0.7706645056726095 0.04832222822498337 0.06320907617504062
1 0.7296656461972509 0.660453808752026 0.04832222822498337 0.06320907617504062
1 0.6910078636172641 0.6799027552674229 0.04832222822498337 0.06320907617504062
1 0.7393300918422476 0.7171799027552674 0.04832222822498337 0.06320907617504062
1 0.6868659583408369 0.7252836304700162 0.04832222822498337 0.06320907617504062
1 0.8345939132000721 0.9424635332252836 0.04832222822498337 0.06320907617504062
1 0.866348520319347 0.887358184764992 0.04832222822498337 0.06320907617504062
1 0.8290713728315027 0.8662884927066452 0.04832222822498337 0.06320907617504062
1 0.8470196290293537 0.8111831442463534 0.04832222822498337 0.06320907617504062
1 0.8111231166336517 0.6458670988654782 0.04832222822498337 0.06320907617504062
1 0.8525421693979232 0.6345218800648299 0.04832222822498337 0.06320907617504062
1 0.859445344858635 0.726904376012966 0.04832222822498337 0.06320907617504062
1 0.8760129659643436 0.9473257698541329 0.04832222822498337 0.06320907617504062
1 0.86220661504292 0.5777957860615883 0.04832222822498337 0.06320907617504062
1 0.7917942253436583 0.5745542949756889 0.04832222822498337 0.06320907617504062
1 0.765562158592953 0.619935170178282 0.04832222822498337 0.06320907617504062
1 0.6647757968665587 0.6150729335494327 0.04832222822498337 0.06320907617504062
1 0.7089561198151151 0.6215559157212318 0.04832222822498337 0.06320907617504062
1 0.6827240530644098 0.5761750405186385 0.04832222822498337 0.06320907617504062
1 0.7420913620265324 0.8225283630470017 0.048322228224983374 0.06320907617504062
1 0.7393300918422476 0.5648298217179903 0.04832222822498337 0.06320907617504062
1 0.307881625547752 0.45623987034035657 0.13254096884566902 0.12479740680713121
1 0.268533525421694 0.3824959481361427 0.12287652320067231 0.13938411669367912
1 0.2029533585449307 0.22123176661264182 0.10216699681853657 0.16693679092382496
1 0.2236628849270665 0.08995137763371151 0.096644456449967 0.11831442463533225
1 0.325829881745603 0.1126418152350081 0.11045080737139087 0.16693679092382496
1 0.2906236868959722 0.22366288492706643 0.0869800108049703 0.15883306320907623
1 0.350681313404166 0.2536466774716369 0.11873461792424521 0.14100486223662884
1 0.3941713188066511 0.10453808752025932 0.11183144246353321 0.1572123176661264
1 0.4756287892430518 0.1580226904376013 0.08145747043640078 0.1312803889789303
1 0.5432799087580288 0.21799027552674233 0.06212857914640736 0.13128038897893032
1 0.42109370310342764 0.3525121555915721 0.08283810552854319 0.1442463533225283
1 0.45560958040698724 0.24716369529983795 0.14634731976709284 0.12803889789303086
1 0.4997899033555436 0.3549432739059968 0.11321207755567564 0.119935170178282
1 0.43973227684735 0.4546191247974066 0.1173539828321026 0.13452188006482982
1 0.8182363887388199 0.3338735818476499 0.36352722252236025 0.4602917341977309
