2 0.10280064829821718 0.6012965964343598 0.10083630470016207 0.3857374392220422
2 0.20167260940032417 0.6012965964343598 0.09690761750405189 0.37277147487844414
2 0.2946515397082658 0.5850891410048622 0.09166936790923824 0.3435980551053484
2 0.3810826580226905 0.5858995137763371 0.08643111831442461 0.3257698541329011
2 0.4642398703403565 0.5818476499189628 0.07726418152350079 0.31766612641815223
2 0.5369205834683954 0.5810372771474879 0.07333549432739048 0.3128038897893032
2 0.6082917341977309 0.5721231766612642 0.06940680713128039 0.3014586709886548
2 0.6783533225283631 0.572933549432739 0.07857374392220415 0.29659643435980554
2 0.7340097244732577 0.23743922204213938 0.1610761750405186 0.32901134521880065
2 0.880680713128039 0.23905996758508913 0.1401231766612642 0.29659643435980554
2 0.9380486223662885 0.53322528363047 0.123902755267423 0.29821717990275515
2 0.8066904376012966 0.534035656401945 0.13619448946515392 0.29011345218800655
2 0.5277536466774716 0.306320907617504 0.14405186385737437 0.26904376012965964
2 0.3712609400324149 0.3047001620745543 0.1663144246353323 0.3079416531604538
2 0.1925056726094003 0.2893030794165316 0.1833387358184765 0.33225283630470015
