1 0.10858101344265421 0.507293354943274 0.12015563924110977 0.8946515397082659
1 0.2364530698827343 0.4910858995137763 0.09149466107350555 0.8589951377633711
1 0.35715988178091335 0.452998379254457 0.10362045952903046 0.7957860615883305
1 0.4563709600533892 0.43354943273906005 0.08818762513108971 0.7504051863857376
1 0.5555820383258652 0.4092382495948136 0.08818762513108964 0.7244732576985413
1 0.6514860806559253 0.3930307941653161 0.08818762513108971 0.7082658022690438
1 0.7385713604728764 0.36790923824959476 0.08157355324625798 0.6936790923824959
1 0.8245542949756888 0.35899513776337116 0.07716417198970346 0.6693679092382496
1 0.6173133759176288 0.8687196110210695 0.6592024978548962 0.25931928687196126
1 0.497157736676518 0.8614262560777947 0.32408952235675514 0.2771474878444082
