1 0.7959061238906473 0.7258481206226373 0.2533765532144785 0.5508391512060947
1 0.7516381586141541 0.23247144448166637 0.25337655321447833 0.4336372067402388
1 0.57352264839187 0.26469356067550437 0.15032145906662875 0.5281460719554437
1 0.5933974098710775 0.7620057721516307 0.1663220400270097 0.4765302705685845
1 0.44795309072288675 0.7918211943131902 0.12845114327533275 0.40393734377564205
1 0.45173483032310263 0.3558338972550028 0.12845114327533264 0.45902920022652877
1 0.3386679573758608 0.8087152029604829 0.09362505668768045 0.3730072667481232
1 0.34812230637640107 0.42946074591023986 0.09362505668768045 0.3730072667481232
1 0.3481223063764007 0.10453257169351492 0.09362505668768044 0.20906514338702992
1 0.2686564840426774 0.47808311219873245 0.06894516782790469 0.3730072667481234
1 0.26010986357799804 0.8334660317730154 0.06440743064537505 0.32612474241579553
1 0.1939294205742163 0.8302245406871158 0.06440743064537505 0.32612474241579553
1 0.14816347994531157 0.850805731377942 0.04178530854902045 0.29364604235102615
1 0.20432920447481057 0.5157999053548629 0.06440743064537505 0.32612474241579553
1 0.16087405126645635 0.5563185439286066 0.03611408803201697 0.3261247424157954
1 0.2686564840426773 0.14509508393352888 0.06894516782790466 0.29019016786705765
1 0.21283811857529678 0.20623750665145935 0.06440743064537505 0.32612474241579553
1 0.174477619737525 0.26302985713019517 0.036114088032016954 0.32612474241579564
1 0.12021919316136577 0.5887334547876015 0.045566122227022096 0.32612474241579503
1 0.11507325844342066 0.8516638481732738 0.04178530854902045 0.29364604235102615
1 0.12683723746174394 0.32293118574384144 0.045566122227022096 0.32612474241579503
1 0.09396413369799739 0.3624752405783979 0.045566122227022075 0.26969943997334217
1 0.08820321730848389 0.6254040227219799 0.03447852492428392 0.27304772593446974
1 0.07801394334855537 0.8663975808378642 0.033847121363071664 0.2647666681340155
