1 0.14409393211159263 0.7690437601296597 0.2496557820986368 0.46191247974068067
1 0.32551581878134156 0.6920583468395459 0.21754571366151315 0.6158833063209076
1 0.4892771678106725 0.6183144246353323 0.21594021023965695 0.7633711507293356
1 0.6554467719727878 0.5429497568881686 0.20951819655223233 0.9141004862236629
1 0.8087723487600533 0.5056726094003242 0.2014906794429514 0.9886547811993518
1 0.942316192721379 0.5032414910858996 0.1153676145572419 0.993517017828201
1 0.08990819162394638 0.6620745542949757 0.17981638324789276 0.6758508914100486
1 0.2432337684112121 0.3905996758508914 0.17339436956046803 0.39222042139384117
1 0.4142198828388959 0.25121555915721233 0.20550443799759172 0.35332252836304706
1 0.17018336271675566 0.20502431118314426 0.17339436956046803 0.29659643435980554
1 0.03933483383547654 0.2698541329011346 0.07866966767095308 0.2479740680713129
1 0.5631303252160571 0.1353322528363047 0.17740812811510842 0.26094003241491087
1 0.32310756364855736 0.10534846029173421 0.19025215548995797 0.19124797406807134
