0 0.6332560036440291 0.5413290113452188 0.1557186894206629 0.826580226904376
0 0.48168981260791727 0.5429497568881685 0.15779493861293845 0.813614262560778
0 0.32700924778339213 0.5696920583468396 0.14741369265156087 0.7601296596434359
0 0.18322899121831335 0.5307941653160454 0.14845181724769865 0.8411669367909238
0 0.08824059067170899 0.49189627228525123 0.12457495153653034 0.8670988654781201
0 0.04204404614357899 0.4829821717990274 0.08408809228715797 0.8298217179902754
0 0.7874175061704856 0.4846029173419773 0.15468056482452497 0.9076175040518639
0 0.7111153483543606 0.24554294975688815 0.1038124596137753 0.44894651539708263
0 0.5553966589336977 0.25526742301458666 0.1038124596137753 0.419773095623987
0 0.4085020285802057 0.2560777957860616 0.09446933824853553 0.40518638573743926
0 0.2782173917649177 0.2884927066450567 0.10381245961377523 0.3987034035656402
0 0.22579209965996122 0.1928687196110211 0.10069808582536201 0.32414910858995144
0 0.886558405101641 0.5040518638573743 0.1183462039597039 0.8622366288492707
0 0.9692323174542642 0.4918962722852512 0.06153536509147145 0.8346839546191248
0 0.9358693234181841 0.23824959481361424 0.07163059713350492 0.3889789303079417
