1 0.5378686343610144 0.3040157739750306 0.06630868871432592 0.6026197286113731
1 0.4947273348177694 0.24569045183564495 0.0663086887143259 0.4859690843326018
1 0.179575659348755 0.44327390599675853 0.33973773390305 0.8865478119935171
1 0.31061735671135987 0.3905996758508914 0.22217769264770887 0.7811993517017828
1 0.38018270222484163 0.3136142625607779 0.18011492559304554 0.6272285251215558
1 0.5834860763223809 0.3103727714748783 0.08628259908648882 0.6207455429497566
1 0.6244703108884632 0.3103727714748783 0.08628259908648882 0.6207455429497566
1 0.662218947988802 0.3103727714748783 0.08628259908648882 0.6207455429497566
1 0.7005068513334315 0.311993517017828 0.13481656107263884 0.6207455429497565
1 0.7641402681597171 0.3103727714748783 0.13481656107263884 0.6207455429497565
1 0.8256166200088403 0.3217179902755265 0.13481656107263884 0.6207455429497565
1 0.900035361720937 0.3103727714748783 0.13481656107263884 0.6207455429497565
