1 0.49486763911399245 0.7965964343598054 0.14910858995137757 0.1701782820097246
2 0.08481901674770395 0.7820097244732577 0.16099405726634253 0.43598055105348466
1 0.7423014586709887 0.7763371150729337 0.04321988114532662 0.06158833063209076
1 0.7444624527282551 0.8282009724473259 0.04321988114532662 0.06158833063209076
1 0.7044840626688277 0.6531604538087522 0.04321988114532662 0.06158833063209076
1 0.7304159913560239 0.661264181523501 0.04321988114532662 0.06158833063209076
1 0.71204754186926 0.7228525121555918 0.04321988114532662 0.06158833063209076
1 0.7466234467855213 0.7374392220421396 0.04321988114532662 0.06158833063209076
1 0.794165316045381 0.7779578606158835 0.04321988114532662 0.06158833063209076
1 0.8060507833603459 0.8168557536466775 0.04321988114532662 0.06158833063209076
1 0.8589951377633711 0.8055105348460293 0.04321988114532662 0.06158833063209076
1 0.8125337655321448 0.7163695299837927 0.04321988114532662 0.06158833063209076
1 0.7747163695299838 0.7228525121555918 0.04321988114532662 0.06158833063209076
1 0.7768773635872502 0.8573743922204216 0.04321988114532662 0.06158833063209076
1 0.750945434900054 0.6450567260940034 0.04321988114532662 0.06158833063209076
1 0.839546191247974 0.7585089141004864 0.04321988114532662 0.06158833063209076
1 0.8125337655321448 0.8622366288492708 0.04321988114532662 0.06158833063209076
1 0.8438681793625067 0.8363047001620747 0.04321988114532662 0.06158833063209076
1 0.8914100486223663 0.7909238249594815 0.04321988114532662 0.06158833063209076
1 0.763911399243652 0.6758508914100488 0.04321988114532662 0.06158833063209076
1 0.7887628309022151 0.6628849270664507 0.04321988114532662 0.06158833063209076
1 0.8157752566180443 0.661264181523501 0.04321988114532662 0.06158833063209076
1 0.8427876823338737 0.6709886547811995 0.04321988114532662 0.06158833063209076
1 0.8589951377633711 0.7050243111831445 0.04321988114532662 0.06158833063209076
1 0.8741220961642355 0.7423014586709888 0.04321988114532662 0.06158833063209076
1 0.9313884386817938 0.7925445705024313 0.04321988114532662 0.06158833063209076
1 0.8860075634792004 0.6191247974068074 0.04321988114532662 0.06158833063209076
1 0.8471096704484062 0.588330632090762 0.04321988114532662 0.06158833063209076
1 0.8146947595894112 0.5753646677471639 0.04321988114532662 0.06158833063209076
1 0.7909238249594814 0.6077795786061589 0.04321988114532662 0.06158833063209076
1 0.7779578606158835 0.5753646677471639 0.04321988114532662 0.06158833063209076
1 0.749864937871421 0.6094003241491088 0.04321988114532662 0.06158833063209076
1 0.718530524041059 0.6256077795786062 0.04321988114532662 0.06158833063209076
1 0.9292274446245274 0.7001620745542951 0.04321988114532662 0.06158833063209076
1 0.9065370070232308 0.7309562398703404 0.04321988114532662 0.06158833063209076
1 0.8838465694219342 0.6888168557536468 0.04321988114532662 0.06158833063209076
1 0.9032955159373312 0.6564019448946518 0.04321988114532662 0.06158833063209076
1 0.9108589951377634 0.6094003241491088 0.04321988114532662 0.06158833063209076
1 0.7196110210696922 0.45542949756888185 0.04321988114532662 0.06158833063209076
1 0.6623446785521341 0.4262560777957862 0.04321988114532662 0.06158833063209076
1 0.9389519178822259 0.7455429497568883 0.04321988114532662 0.06158833063209076
1 0.6915180983252297 0.45380875202593207 0.04321988114532662 0.06158833063209076
1 0.8244192328471098 0.33549432739059987 0.04321988114532662 0.06158833063209076
1 0.7725553754727176 0.3760129659643438 0.04321988114532662 0.06158833063209076
1 0.7423014586709887 0.4116693679092384 0.04321988114532662 0.06158833063209076
1 0.7563479200432199 0.43598055105348477 0.04321988114532662 0.06158833063209076
1 0.7066450567260941 0.5186385737439224 0.04321988114532662 0.06158833063209076
1 0.9389519178822259 0.4294975688816857 0.04321988114532662 0.06158833063209076
1 0.9054565099945975 0.3808752025931931 0.04321988114532662 0.06158833063209076
1 0.857914640734738 0.36304700162074577 0.04321988114532662 0.06158833063209076
1 0.8103727714748784 0.3970826580226906 0.04321988114532662 0.06158833063209076
1 0.895732036736899 0.4991896272285253 0.04321988114532662 0.06158833063209076
1 0.8363047001620747 0.5397082658022693 0.04321988114532662 0.06158833063209076
1 0.8827660723933011 0.5640194489465156 0.04321988114532662 0.06158833063209076
1 0.864397622906537 0.5105348460291735 0.04321988114532662 0.06158833063209076
1 0.5424095083738519 0.25769854132901154 0.04321988114532662 0.06158833063209076
1 0.5121555915721231 0.3014586709886549 0.04321988114532662 0.06158833063209076
1 0.5380875202593193 0.33225283630470037 0.04321988114532662 0.06158833063209076
1 0.5834683954619124 0.3500810372771477 0.04321988114532662 0.06158833063209076
1 0.6191247974068071 0.3922204213938414 0.04321988114532662 0.06158833063209076
1 0.743381955699622 0.8849270664505674 0.04321988114532662 0.06158833063209076
1 0.7185305240410588 0.2495948136142627 0.04321988114532662 0.06158833063209076
1 0.5661804430037817 0.22690437601296615 0.04321988114532662 0.06158833063209076
1 0.6385737439222041 0.18800648298217199 0.04321988114532662 0.06158833063209076
1 0.6137223122636412 0.15721231766612662 0.04321988114532662 0.06158833063209076
1 0.5975148568341436 0.1539708265802271 0.04321988114532662 0.06158833063209076
1 0.5780659103187465 0.1831442463533227 0.04321988114532662 0.06158833063209076
1 0.632090761750405 0.23987034035656418 0.04321988114532662 0.06158833063209076
1 0.5953538627768772 0.2366288492706647 0.04321988114532662 0.06158833063209076
1 0.6007563479200431 0.29011345218800666 0.04321988114532662 0.06158833063209076
1 0.6591031874662343 0.36628849270664526 0.04321988114532662 0.06158833063209076
1 0.6245272825499729 0.34035656401944914 0.04321988114532662 0.06158833063209076
1 0.6277687736358724 0.2982171799027554 0.04321988114532662 0.06158833063209076
1 0.5607779578606158 0.28849270664505694 0.04321988114532662 0.06158833063209076
1 0.6645056726094002 0.2625607779578607 0.04321988114532662 0.06158833063209076
1 0.6655861696380334 0.20745542949756898 0.04321988114532662 0.06158833063209076
1 0.7001620745542948 0.21231766612641828 0.04321988114532662 0.06158833063209076
1 0.6958400864397621 0.36952998379254465 0.04321988114532662 0.06158833063209076
1 0.7001620745542948 0.31442463533225296 0.04321988114532662 0.06158833063209076
1 0.7498649378714208 0.30956239870340374 0.04321988114532662 0.06158833063209076
1 0.7358184764991895 0.36628849270664515 0.04321988114532662 0.06158833063209076
1 0.662344678552134 0.31442463533225296 0.04321988114532662 0.06158833063209076
1 0.6104808211777416 0.08103727714748798 0.04321988114532662 0.06158833063209076
1 0.8417071853052402 0.0388978930307943 0.04321988114532662 0.06158833063209076
1 0.7185305240410588 0.16045380875202608 0.04321988114532662 0.06158833063209076
1 0.6882766072393299 0.0648298217179904 0.04321988114532662 0.06158833063209076
1 0.6353322528363046 0.06158833063209089 0.04321988114532662 0.06158833063209076
1 0.675310642895732 0.14748784440842802 0.04321988114532662 0.06158833063209076
1 0.7196110210696919 0.037277147487844546 0.04321988114532662 0.06158833063209076
1 0.737979470556456 0.07941653160453824 0.04321988114532662 0.06158833063209076
1 0.7487844408427875 0.12317666126418167 0.04321988114532662 0.06158833063209076
1 0.7001620745542948 0.1069692058346841 0.04321988114532662 0.06158833063209076
1 0.77687736358725 0.10372771474878456 0.04321988114532662 0.06158833063209076
1 0.7974068071312804 0.14748784440842802 0.04321988114532662 0.06158833063209076
1 0.7563479200432198 0.1701782820097246 0.04321988114532662 0.06158833063209076
1 0.8157752566180443 0.08103727714748798 0.04321988114532662 0.06158833063209076
1 0.8038897893030794 0.037277147487844546 0.04321988114532662 0.06158833063209076
1 0.7606699081577526 0.04700162074554308 0.04321988114532662 0.06158833063209076
1 0.6407347379794704 0.11669367909238265 0.04321988114532662 0.06158833063209076
1 0.2647217720151269 0.33063209076175054 0.04321988114532662 0.06158833063209076
1 0.277687736358725 0.36304700162074577 0.04321988114532662 0.06158833063209076
1 0.3047001620745543 0.4003241491085901 0.04321988114532662 0.06158833063209076
1 0.26796326310102647 0.3905996758508916 0.04321988114532662 0.06158833063209076
1 0.35980551053484605 0.23987034035656418 0.04321988114532662 0.06158833063209076
1 0.38465694219340896 0.29335494327390615 0.04321988114532662 0.06158833063209076
1 0.3760129659643436 0.3581847649918965 0.04321988114532662 0.06158833063209076
1 0.2884927066450567 0.30632090761750425 0.04321988114532662 0.06158833063209076
1 0.42679632631010267 0.2836304700162076 0.04321988114532662 0.06158833063209076
1 0.43868179362506754 0.23338735818476514 0.04321988114532662 0.06158833063209076
1 0.45488924905456507 0.27552674230145885 0.04321988114532662 0.06158833063209076
1 0.4019448946515397 0.22528363047001637 0.04321988114532662 0.06158833063209076
1 0.4743381955699622 0.3290113452188008 0.04321988114532662 0.06158833063209076
1 0.2938951917882226 0.427876823338736 0.04321988114532662 0.06158833063209076
1 0.30578065910318747 0.4797406807131282 0.04321988114532662 0.06158833063209076
1 0.48676391139924363 0.5372771474878445 0.31010264721772013 0.38411669367909246
1 0.13884386817936253 0.43111831442463533 0.27768773635872507 0.8622366288492707
1 0.16747703943814152 0.43598055105348466 0.33495407887628303 0.7649918962722854
1 0.16477579686655866 0.567260940032415 0.3295515937331173 0.6774716369529985
