1 0.12575901111694476 0.7739059967585089 0.09596069121373293 0.13776337115072934
1 0.32374106877896225 0.8743922204213939 0.09596069121373293 0.13776337115072934
1 0.13383991142968016 0.6215559157212318 0.09596069121373293 0.13776337115072934
1 0.22576015248704542 0.6102106969205835 0.09596069121373293 0.13776337115072934
1 0.19444666377519573 0.5016207455429498 0.09596069121373293 0.13776337115072934
1 0.29646803022348023 0.4805510534846029 0.09596069121373293 0.13776337115072934
1 0.32172084370077836 0.5940032414910859 0.09596069121373293 0.13776337115072934
1 0.3904084963590293 0.6847649918962722 0.09596069121373293 0.13776337115072934
1 0.39747928413267275 0.7901134521880064 0.09596069121373293 0.13776337115072934
1 0.5661680781610243 0.8905996758508914 0.09596069121373293 0.13776337115072934
1 0.517682676284612 0.7252836304700162 0.09596069121373293 0.13776337115072934
1 0.4257624352272467 0.5453808752025932 0.09596069121373293 0.13776337115072934
1 0.4176815349145113 0.42382495948136145 0.09596069121373293 0.13776337115072934
1 0.21767925217431 0.3914100486223663 0.09596069121373293 0.13776337115072934
1 0.16010283744607023 0.2925445705024311 0.09596069121373293 0.13776337115072934
1 0.5964714543337822 0.63290113452188 0.09596069121373293 0.13776337115072934
1 0.6691995571484008 0.6750405186385737 0.09596069121373293 0.13776337115072934
1 0.5772793160910357 0.5064829821717991 0.09596069121373293 0.13776337115072934
1 0.5015208756591412 0.41896272285251224 0.09596069121373293 0.13776337115072934
1 0.33586241924806537 0.3914100486223663 0.09596069121373293 0.13776337115072934
1 0.29141746752802056 0.3833063209076175 0.09596069121373293 0.13776337115072934
1 0.2782860045198256 0.3071312803889789 0.09596069121373293 0.13776337115072934
1 0.7914231743785238 0.5470016207455429 0.09596069121373293 0.13776337115072934
1 0.7025332709384344 0.4886547811993517 0.09596069121373293 0.13776337115072934
1 0.6995029333211586 0.5858995137763371 0.09596069121373293 0.13776337115072934
1 0.9096063414522793 0.45461912479740685 0.09596069121373293 0.13776337115072934
1 0.7661703609012258 0.43030794165316044 0.09596069121373293 0.13776337115072934
1 0.6974827082429748 0.3849270664505673 0.09596069121373293 0.13776337115072934
1 0.666169219531125 0.2633711507293356 0.08787979090099775 0.1150729335494326
1 0.7318265345721002 0.3022690437601298 0.08787979090099775 0.1150729335494326
1 0.7722310361357771 0.2147487844408429 0.08787979090099775 0.1150729335494326
1 0.924758029538658 0.2325769854132902 0.08787979090099775 0.1150729335494326
1 0.8621310521149588 0.10129659643435993 0.08787979090099775 0.1150729335494326
1 0.84192880133312 0.2568881685575366 0.08787979090099775 0.1150729335494326
1 0.5792995411692193 0.27309562398703413 0.08787979090099775 0.1150729335494326
1 0.36414557034263906 0.26499189627228537 0.08787979090099775 0.1150729335494326
1 0.47222761202547514 0.3363047001620747 0.08787979090099775 0.1150729335494326
1 0.5237433515191634 0.3411669367909239 0.08787979090099775 0.1150729335494326
1 0.48232873741639454 0.22447325769854146 0.08787979090099775 0.1150729335494326
1 0.5883905540210467 0.18395461912479752 0.08787979090099775 0.1150729335494326
1 0.5399051521446343 0.10129659643435993 0.08787979090099775 0.1150729335494326
1 0.624754605428356 0.11426256077795795 0.08787979090099775 0.1150729335494326
1 0.6995029333211584 0.16936790923824974 0.08787979090099775 0.1150729335494326
1 0.7176849590248132 0.07374392220421405 0.08787979090099775 0.1150729335494326
1 0.30353881799712357 0.11912479740680723 0.08787979090099775 0.1150729335494326
1 0.21666913963521797 0.19692058346839558 0.08787979090099775 0.1150729335494326
1 0.33081185655260553 0.1920583468395463 0.08787979090099775 0.1150729335494326
1 0.38636804620266146 0.12398703403565652 0.08787979090099775 0.1150729335494326
1 0.40859052206268387 0.21636952998379264 0.08787979090099775 0.1150729335494326
1 0.4510152487045447 0.09805510534846039 0.08787979090099775 0.1150729335494326
1 0.4146511972972354 0.057536466774716306 0.08787979090099775 0.1150729335494326
1 0.49950065058095716 0.057536466774716286 0.08787979090099775 0.1150729335494326
1 0.6126332549592529 0.35899513776337133 0.08787979090099775 0.1150729335494326
