1 0.12457639605127449 0.7366288492706644 0.1287756004125534 0.3095623987034035
1 0.2680492117283041 0.7658022690437601 0.13017533519964633 0.3095623987034035
1 0.4269191100633564 0.779578606158833 0.13157506998673932 0.31766612641815234
1 0.5780904670693974 0.7803889789303081 0.13157506998673946 0.3160453808752027
1 0.7334610284367173 0.7649918962722851 0.12877560041255337 0.31766612641815234
1 0.8804331810814793 0.7414910858995138 0.1287756004125532 0.3030794165316045
1 0.3464343598055105 0.594003241491086 0.1525710917931339 0.22852512155591584
1 0.4990054515986445 0.5688816855753646 0.14697215264476213 0.23014586709886545
1 0.6606748195078828 0.5891410048622366 0.14277294828348303 0.2188006482982172
1 0.2134595550316782 0.44813614262560786 0.18616472668336528 0.500810372771475
1 0.3947252099602181 0.31280388978930307 0.19036393104464414 0.5542949756888169
1 0.597686754088699 0.34197730956239863 0.1847649918962724 0.6061588330632091
1 0.7859510829527037 0.473257698541329 0.17776631796080736 0.5640194489465153
