1 0.0463768970089878 0.31928687196110206 0.04961249447473109 0.06807131280388974
1 0.09706792397230002 0.29335494327390593 0.04961249447473109 0.06807131280388974
1 0.13805215853838224 0.2658022690437601 0.04961249447473109 0.06807131280388974
1 0.18874318550169444 0.23824959481361424 0.04961249447473109 0.06807131280388974
1 0.2351200825106822 0.20421393841166935 0.04961249447473109 0.06807131280388974
1 0.0765758066892589 0.37277147487844403 0.04961249447473109 0.06807131280388974
1 0.09059672904081335 0.43111831442463533 0.04961249447473109 0.06807131280388974
1 0.11863857374392223 0.48946515397082657 0.04961249447473109 0.06807131280388974
1 0.2556121997937234 0.5429497568881685 0.04961249447473109 0.06807131280388974
1 0.4572977751583911 0.7147487844408428 0.04961249447473109 0.06807131280388974
1 0.40444968321791663 0.7504051863857374 0.04961249447473109 0.06807131280388974
1 0.3569942537203478 0.7747163695299837 0.04961249447473109 0.06807131280388974
1 0.31061735671136 0.813614262560778 0.04961249447473109 0.06807131280388974
1 0.2599263297480478 0.8363047001620746 0.04961249447473109 0.06807131280388974
1 0.23404155002210114 0.7828200972447326 0.04961249447473109 0.06807131280388974
1 0.21139236776189782 0.7179902755267422 0.04961249447473109 0.06807131280388974
1 0.18982171799027558 0.6661264181523501 0.04961249447473109 0.06807131280388974
1 0.16609400324149115 0.5964343598055105 0.04961249447473109 0.06807131280388974
1 0.12079563872108447 0.35008103727714746 0.04961249447473109 0.06807131280388974
1 0.13589509356122 0.4084278768233387 0.04961249447473109 0.06807131280388974
1 0.1628584057757478 0.46515397082658017 0.04961249447473109 0.06807131280388974
1 0.18766465301311336 0.5170178282009723 0.04961249447473109 0.06807131280388974
1 0.21462796522764113 0.4213938411669368 0.04961249447473109 0.06807131280388974
1 0.2847325769854134 0.7439222042139384 0.04961249447473109 0.06807131280388974
1 0.2599263297480478 0.6920583468395463 0.04961249447473109 0.06807131280388974
1 0.23619861499926337 0.6385737439222041 0.04961249447473109 0.06807131280388974
1 0.20707823780757337 0.5705024311183143 0.04961249447473109 0.06807131280388974
1 0.14020922351554446 0.5429497568881685 0.04961249447473109 0.06807131280388974
1 0.2599263297480478 0.4035656401944895 0.04961249447473109 0.06807131280388974
1 0.25237660232798004 0.27066450567260936 0.04961249447473109 0.06807131280388974
1 0.28041844703108887 0.32414910858995133 0.04961249447473109 0.06807131280388974
1 0.30091056431413 0.36790923824959476 0.04961249447473109 0.06807131280388974
1 0.3192456166200089 0.43111831442463533 0.04961249447473109 0.06807131280388974
1 0.28257551200825115 0.45705024311183146 0.04961249447473109 0.06807131280388974
1 0.23188448504493891 0.48460291734197725 0.04961249447473109 0.06807131280388974
1 0.18874318550169444 0.37277147487844403 0.04961249447473109 0.06807131280388974
1 0.16177987328716673 0.31280388978930307 0.04961249447473109 0.06807131280388974
1 0.21139236776189782 0.29011345218800644 0.04961249447473109 0.06807131280388974
1 0.23404155002210114 0.35332252836304695 0.04961249447473109 0.06807131280388974
1 0.40660674819507897 0.593192868719611 0.04961249447473109 0.06807131280388974
1 0.3321880064829824 0.5656401944894651 0.04961249447473109 0.06807131280388974
1 0.4270988654781201 0.6612641815235009 0.04961249447473109 0.06807131280388974
1 0.38827169588920013 0.6920583468395463 0.04961249447473109 0.06807131280388974
1 0.3365021364373068 0.7163695299837924 0.04961249447473109 0.06807131280388974
1 0.3084602917341979 0.6580226904376012 0.04961249447473109 0.06807131280388974
1 0.28473257698541343 0.5948136142625607 0.04961249447473109 0.06807131280388974
1 0.3742507735376457 0.5348460291734197 0.04961249447473109 0.06807131280388974
1 0.3516015912774424 0.47811993517017826 0.04961249447473109 0.06807131280388974
1 0.30522469426845455 0.5056726094003241 0.04961249447473109 0.06807131280388974
1 0.6163813172241049 0.4756888168557537 0.7301664947694121 0.9286871961102108
