1 0.11171836719309489 0.47487844408427876 0.03527948437676681 0.06807131280388973
1 0.09905393690399909 0.5575364667747164 0.049753118992876245 0.08427876823338756
1 0.12438279748219065 0.6596434359805511 0.049753118992876245 0.08427876823338756
1 0.15513927104142325 0.6304700162074555 0.049753118992876245 0.08427876823338756
1 0.1931325619087106 0.5899513776337115 0.049753118992876245 0.08427876823338756
1 0.14247484075232747 0.5688816855753646 0.049753118992876245 0.08427876823338756
1 0.14790245373336852 0.5024311183144247 0.049753118992876245 0.08427876823338756
1 0.1931325619087106 0.473257698541329 0.049753118992876245 0.08427876823338756
1 0.20579699219780637 0.5526742301458671 0.049753118992876245 0.08427876823338756
1 0.25464550902717575 0.5478119935170178 0.049753118992876245 0.08427876823338756
1 0.23836267008405262 0.47811993517017826 0.049753118992876245 0.08427876823338756
1 0.40661867249632505 0.3743922204213939 0.049753118992876245 0.08427876823338756
1 0.4708454261053108 0.4311183144246354 0.049753118992876245 0.08427876823338756
1 0.4346613395650371 0.40194489465153976 0.049753118992876245 0.08427876823338756
1 0.4229015114394482 0.31442463533225284 0.049753118992876245 0.08427876823338756
1 0.42199690927594136 0.24311183144246357 0.049753118992876245 0.08427876823338756
1 0.4617994044702423 0.3484602917341978 0.049753118992876245 0.08427876823338756
1 0.48712826504843393 0.33873581847649914 0.049753118992876245 0.08427876823338756
1 0.5115525234631186 0.36304700162074555 0.049753118992876245 0.08427876823338756
1 0.5043157061550638 0.26580226904376014 0.049753118992876245 0.08427876823338756
1 0.46270400663374917 0.26418152350081037 0.049753118992876245 0.08427876823338756
1 0.543213599185858 0.2074554294975689 0.049753118992876245 0.08427876823338756
1 0.5368813840413101 0.3095623987034036 0.049753118992876245 0.08427876823338756
1 0.4708454261053108 0.2025931928687196 0.049753118992876245 0.08427876823338756
1 0.42561531792996876 0.1685575364667747 0.049753118992876245 0.08427876823338756
1 0.39395424220722924 0.22690437601296598 0.049753118992876245 0.08427876823338756
1 0.49165127586596813 0.17504051863857373 0.049753118992876245 0.08427876823338756
1 0.44551656552711927 0.14424635332252836 0.049753118992876245 0.08427876823338756
1 0.4197354038671744 0.5834683954619124 0.04161169952131453 0.06807131280388996
1 0.42697222117522904 0.653160453808752 0.04161169952131453 0.06807131280388996
1 0.42697222117522904 0.6888168557536467 0.04161169952131453 0.06807131280388996
1 0.44054125362783175 0.7552674230145868 0.04161169952131453 0.06807131280388996
1 0.4179261995401607 0.8184764991896272 0.04161169952131453 0.06807131280388996
1 0.4088801779050923 0.8719611021069694 0.04161169952131453 0.06807131280388996
1 0.44687346877237955 0.8946515397082659 0.04161169952131453 0.06807131280388996
1 0.44687346877237955 0.6142625607779578 0.04161169952131453 0.06807131280388996
1 0.4857713618031738 0.6094003241491085 0.04161169952131453 0.06807131280388996
1 0.4622517055519959 0.6482982171799029 0.04161169952131453 0.06807131280388996
1 0.5282876634879954 0.6288492706645057 0.04161169952131453 0.06807131280388996
1 0.4667747163695301 0.7066450567260941 0.04161169952131453 0.06807131280388996
1 0.49843579209226957 0.6823338735818477 0.04161169952131453 0.06807131280388996
1 0.7080730321228488 0.4826689774696707 0.4720486880818992 0.8370883882149046
