1 0.6141484237678909 0.9408427876823331 0.08686967836190572 0.07941653160453846
1 0.5363697582578125 0.8857374392220414 0.08686967836190572 0.07941653160453846
1 0.6596034880270275 0.8695299837925441 0.08686967836190572 0.07941653160453846
1 0.6606136005661195 0.7771474878444077 0.08686967836190572 0.07941653160453846
1 0.7242506905289108 0.7787682333873575 0.08686967836190572 0.07941653160453846
1 0.762634967014404 0.7171799027552668 0.08686967836190572 0.07941653160453846
1 0.8262720569771953 0.7414910858995131 0.08686967836190572 0.07941653160453846
1 0.8101102563517244 0.6653160453808745 0.08686967836190572 0.07941653160453846
1 0.8838484717054351 0.6669367909238243 0.08686967836190572 0.07941653160453846
1 0.7717259798662315 0.576175040518638 0.07474832789280285 0.07617504051863866
1 0.7040484397470723 0.5583468395461907 0.07474832789280285 0.07617504051863866
1 0.7141495651379915 0.5129659643435975 0.07474832789280285 0.07617504051863866
1 0.6697046134179468 0.6993517017828197 0.07474832789280285 0.07617504051863866
1 0.6545529253315681 0.6555915721231762 0.07474832789280285 0.07617504051863866
1 0.5989967356815121 0.7868719611021064 0.07474832789280285 0.07617504051863866
1 0.5545517839614673 0.6734197730956235 0.07474832789280285 0.07617504051863866
1 0.5934411167165066 0.8338735818476493 0.0878797909009977 0.08589951377633724
1 0.7596046293971284 0.6474878444084274 0.07474832789280285 0.07617504051863866
1 0.7131394525988998 0.6636952998379249 0.07474832789280285 0.07617504051863866
1 0.70808888990344 0.6102106969205829 0.07474832789280285 0.07617504051863866
1 0.6723421648897876 0.6936802974836618 0.07195641047134706 0.07617504051863891
1 0.4823287374163946 0.8411669367909238 0.05151573949368824 0.15883306320907623
1 0.532834364370991 0.7820097244732577 0.055556189650055925 0.14100486223662898
1 0.43838884196589584 0.6029173419773096 0.07878877804917024 0.11021069692058355
1 0.46061131782591813 0.5453808752025933 0.04444495172004473 0.08589951377633703
1 0.5166725637455201 0.5786061588330632 0.07575844043189449 0.14910858995137752
1 0.5737439222042139 0.5721231766612642 0.07878877804917024 0.14586709886547822
1 0.6368759558974593 0.5729335494327389 0.06565731504097523 0.08265802269043715
1 0.8217265505512816 0.1337115072933547 0.06565731504097523 0.08265802269043715
