0 0.09742137901502967 0.5796127751880422 0.1268533138301249 0.08397633128600868
0 0.09435779228179526 0.6530112399455276 0.09803570276235943 0.06869870650600471
0 0.09597853782474502 0.5282138331383962 0.09803570276235943 0.06869870650600471
0 0.05870139033690061 0.4876951945646524 0.09803570276235943 0.06869870650600471
0 0.06842586359459915 0.4228653728466621 0.09803570276235943 0.06869870650600471
0 0.14460090411323773 0.44393506490500895 0.09803570276235943 0.06869870650600471
0 0.16567059617158456 0.2996887115824805 0.09803570276235943 0.06869870650600471
0 0.119935170178282 0.35899513776337116 0.1458670988654781 0.10210696920583466
0 0.47893030794165314 0.766612641815235 0.6175040518638574 0.20745542949756898
0 0.4700162074554295 0.6085899513776333 0.5478119935170177 0.22204213938411668
0 0.493517017828201 0.45218800648298213 0.5623987034035657 0.22042139384116702
0 0.5388978930307942 0.3014586709886548 0.5429497568881686 0.19773095623987036
