2 0.45656401944894653 0.31118314424635335 0.09238249594813609 0.5121555915721232
2 0.6899513776337115 0.2439222042139384 0.1662884927066451 0.3549432739059967
2 0.27957860615883307 0.36628849270664504 0.14294975688816855 0.44408427876823336
2 0.09384116693679094 0.5648298217179902 0.18768233387358188 0.1507293354943274
2 0.8119935170178283 0.23581847649918963 0.1419773095623988 0.29983792544570503
2 0.6714748784440843 0.4991896272285251 0.28492706645056726 0.45705024311183146
2 0.3719611021069692 0.8014586709886548 0.146839546191248 0.3970826580226904
2 0.6529983792544571 0.9538087520259318 0.566936790923825 0.09238249594813625
2 0.12982171799027553 0.8217179902755268 0.24408427876823344 0.25283630470016205
2 0.1774716369529984 0.2034035656401945 0.2732576985413291 0.2771474878444084
2 0.5029173419773096 0.5024311183144247 0.9941653160453809 0.9951377633711508
