1 0.08075589771294796 0.5081037277147488 0.16151179542589592 0.9740680713128037
1 0.2535932153790743 0.49513776337115073 0.18219318386457772 0.9611021069692058
1 0.42987743111831433 0.5113452188006483 0.18022352782279846 0.9578606158833064
1 0.5904043985233207 0.34683954619124796 0.13295178282009715 0.44408427876823336
1 0.5849878444084279 0.7487844408427877 0.12802764271564912 0.4246353322528364
1 0.7199092832703043 0.7495948136142626 0.13590626688276614 0.41977309562398696
1 0.7223713533225283 0.3403565640194489 0.12704281469475945 0.3889789303079417
1 0.8632017603097424 0.36142625607779577 0.13492143886187635 0.45705024311183146
1 0.8553231361426257 0.7463533225283631 0.12507315865298024 0.40680713128038887
1 0.9628691698181163 0.7568881685575364 0.07426166036376741 0.3857374392220422
1 0.9682857239330092 0.3444084278768233 0.06342855213398167 0.4424635332252836
