1 0.46010400305376 0.43435980551053477 0.575433502499953 0.5542949756888168
1 0.5092707896597686 0.600486223662885 0.08619362590189177 0.053484602917341986
1 0.4692089635363541 0.6961102106969206 0.08619362590189177 0.053484602917341986
1 0.45221303730217843 0.8533225283630469 0.08619362590189177 0.053484602917341986
1 0.30896165904269635 0.7690437601296596 0.08619362590189177 0.053484602917341986
1 0.5760404998654595 0.6766612641815235 0.08619362590189177 0.053484602917341986
1 0.6998679624287405 0.7739059967585088 0.08619362590189177 0.053484602917341986
1 0.6374288180154367 0.8059533994352569 0.0861936259018917 0.0534846029173421
1 0.7102685018761901 0.8059533994352569 0.0861936259018917 0.0534846029173421
1 0.6450549999322095 0.7180282938109315 0.08619362590189165 0.05348460291734221
1 0.7326684886407726 0.6492476971540565 0.0861936259018916 0.05348460291734218
1 0.701104625634446 0.6589721704117549 0.0861936259018916 0.05348460291734218
1 0.42067184277054487 0.7011115545284486 0.0861936259018916 0.05348460291734218
1 0.7835014694255505 0.6490269297556875 0.0861936259018915 0.053484602917342264
1 0.4921427339825362 0.7365471890749745 0.0861936259018915 0.053484602917342264
1 0.5224926022578502 0.7381679346179243 0.0861936259018915 0.053484602917342264
1 0.562005867542354 0.748361736069358 0.08619362590189152 0.0534846029173423
1 0.5874997568936178 0.6397717846917242 0.08619362590189152 0.0534846029173423
1 0.4648862890613493 0.6883941509802171 0.08619362590189152 0.0534846029173423
1 0.28400107414047804 0.7564654637841067 0.08619362590189152 0.0534846029173423
1 0.3167789318778171 0.7645691914988555 0.08619362590189152 0.0534846029173423
1 0.3653963958412038 0.8662242567532868 0.08619362590189153 0.05348460291734245
1 0.4625159743222085 0.84515456469494 0.08619362590189153 0.05348460291734245
1 0.6316607384645381 0.7461636914095184 0.08619362590189147 0.053484602917342444
1 0.6282761346966724 0.8347884534344862 0.08619362590189157 0.05348460291734245
1 0.41997314152297394 0.8282818611941187 0.0861936259018915 0.053484602917342486
1 0.7550356872824403 0.5981359940952532 0.0861936259018915 0.053484602917342486
1 0.7975255028678798 0.593273757466404 0.0861936259018915 0.053484602917342486
1 0.7084670563538867 0.598670469599873 0.08619362590189152 0.05348460291734252
1 0.5632935551898275 0.47163695299837927 0.3836223349999688 0.15883306320907623
