1 0.6611993517017828 0.37277147487844403 0.3330956239870341 0.3273905996758508
1 0.4506320907617505 0.11021069692058347 0.2241815235008103 0.18152350081037277
1 0.5019689119170984 0.8186528497409327 0.10445595854922274 0.14162348877374784
1 0.36366148531951636 0.6683937823834196 0.10445595854922274 0.14162348877374784
1 0.5512953367875647 0.6632124352331605 0.10445595854922274 0.14162348877374784
1 0.7534369602763382 0.7841105354058723 0.10445595854922274 0.14162348877374784
1 0.49713298791018995 0.5682210708117443 0.10445595854922274 0.14162348877374784
1 0.4618307426597582 0.4784110535405871 0.08801381692573393 0.11744386873920558
1 0.40379965457685657 0.5164075993091537 0.08801381692573393 0.11744386873920558
1 0.32739205526770293 0.49913644214162345 0.08801381692573393 0.11744386873920558
1 0.3041796200345423 0.5837651122625216 0.08801381692573393 0.11744386873920558
1 0.22003454231433506 0.6321243523316061 0.08801381692573393 0.11744386873920558
1 0.29740932642487045 0.4196891191709844 0.08801381692573393 0.11744386873920558
1 0.26452504317789294 0.3765112262521588 0.08801381692573393 0.11744386873920558
1 0.23550949913644215 0.31433506044905 0.08801381692573393 0.11744386873920558
1 0.8825215889464593 0.4792746113989637 0.23495682210708124 0.9585492227979274
