1 0.35385284583849747 0.7001620745542951 0.039684431308990326 0.051863857374392384
1 0.27668867384879403 0.5186385737439221 0.033070359424158716 0.038897893030793815
1 0.2160596815711698 0.8752025931928687 0.039684431308990326 0.051863857374392384
1 0.19621746591667463 0.9740680713128037 0.039684431308990326 0.051863857374392384
1 0.27889336447707125 0.9740680713128037 0.039684431308990326 0.051863857374392384
1 0.29432619887501194 0.9189627228525122 0.039684431308990326 0.051863857374392384
1 0.5169999523310134 0.7212317666126421 0.039684431308990326 0.051863857374392384
1 0.38030913337782435 0.7617504051863858 0.039684431308990326 0.051863857374392384
1 0.3097590332729526 0.7228525121555919 0.039684431308990326 0.051863857374392384
1 0.3207824864143388 0.6855753646677474 0.039684431308990326 0.051863857374392384
1 0.29542854418915054 0.5802269043760131 0.039684431308990326 0.051863857374392384
1 0.23810658785394223 0.5834683954619126 0.039684431308990326 0.051863857374392384
1 0.26786991133568505 0.6304700162074556 0.039684431308990326 0.051863857374392384
1 0.27999570979120986 0.6742301458670991 0.039684431308990326 0.051863857374392384
1 0.2579488035084374 0.7034035656401946 0.039684431308990326 0.051863857374392384
1 0.2766886738487939 0.7423014586709888 0.039684431308990326 0.051863857374392384
1 0.3009402707598437 0.7909238249594815 0.039684431308990326 0.051863857374392384
1 0.3185777957860616 0.7617504051863858 0.039684431308990326 0.051863857374392384
1 0.35385284583849747 0.7957860615883309 0.039684431308990326 0.051863857374392384
1 0.33621532081227956 0.9108589951377636 0.039684431308990326 0.051863857374392384
1 0.3097590332729526 0.8687196110210698 0.039684431308990326 0.051863857374392384
1 0.3141684145295071 0.8330632090761754 0.039684431308990326 0.051863857374392384
1 0.2160596815711698 0.6061588330632093 0.039684431308990326 0.051863857374392384
1 0.2105479550004767 0.6450567260940033 0.039684431308990326 0.051863857374392384
1 0.18629635808942702 0.6823338735818478 0.039684431308990326 0.051863857374392384
1 0.23590189722566499 0.7568881685575366 0.039684431308990326 0.051863857374392384
1 0.22818548002669467 0.7212317666126421 0.039684431308990326 0.051863857374392384
1 0.19291042997425875 0.7341977309562401 0.039684431308990326 0.051863857374392384
1 0.2579488035084374 0.7974068071312805 0.039684431308990326 0.051863857374392384
1 0.20283153780150634 0.8444084278768236 0.039684431308990326 0.051863857374392384
1 0.40786776623128984 0.7585089141004864 0.039684431308990326 0.051863857374392384
1 0.4552686147392506 0.6920583468395464 0.039684431308990326 0.051863857374392384
1 0.43542639908475544 0.7487844408427878 0.039684431308990326 0.051863857374392384
1 0.42660763657164646 0.6628849270664507 0.039684431308990326 0.051863857374392384
1 0.4277099818857851 0.6094003241491087 0.039684431308990326 0.051863857374392384
1 0.3825138240061016 0.6110210696920585 0.039684431308990326 0.051863857374392384
1 0.3384200114405567 0.6482982171799029 0.039684431308990326 0.051863857374392384
1 0.42109591000095337 0.9059967585089143 0.039684431308990326 0.051863857374392384
1 0.3880255505767947 0.9238249594813616 0.039684431308990326 0.051863857374392384
1 0.3770020974354085 0.8492706645056728 0.039684431308990326 0.051863857374392384
1 0.41448183811612166 0.8168557536466775 0.039684431308990326 0.051863857374392384
1 0.4905436647916865 0.9027552674230148 0.039684431308990326 0.051863857374392384
1 0.49164601010582515 0.7568881685575366 0.039684431308990326 0.051863857374392384
1 0.48172490227857756 0.8573743922204216 0.039684431308990326 0.051863857374392384
1 0.4431428162837258 0.8589951377633713 0.039684431308990326 0.051863857374392384
1 0.454166269425112 0.8184764991896273 0.039684431308990326 0.051863857374392384
1 0.4806225569644389 0.8087520259319289 0.039684431308990326 0.051863857374392384
1 0.5236140242158451 0.8638573743922205 0.039684431308990326 0.051863857374392384
1 0.381411478691963 0.6936790923824961 0.039684431308990326 0.051863857374392384
1 0.49936242730479546 0.5105348460291735 0.039684431308990326 0.051863857374392384
1 0.4596779959958051 0.5316045380875204 0.039684431308990326 0.051863857374392384
1 0.3946396224616264 0.5299837925445706 0.039684431308990326 0.051863857374392384
1 0.3714903708647154 0.5591572123176662 0.039684431308990326 0.051863857374392384
1 0.381411478691963 0.6482982171799029 0.039684431308990326 0.051863857374392384
1 0.33621532081227956 0.5494327390599677 0.039684431308990326 0.051863857374392384
1 0.3384200114405567 0.5964343598055107 0.039684431308990326 0.051863857374392384
1 0.49826008199065686 0.952998379254457 0.039684431308990326 0.051863857374392384
1 0.42550529125750786 0.9740680713128037 0.039684431308990326 0.051863857374392384
1 0.4574733053675279 0.901134521880065 0.039684431308990326 0.051863857374392384
1 0.44204047096958715 0.9416531604538088 0.039684431308990326 0.051863857374392384
1 0.49164601010582515 0.6256077795786064 0.039684431308990326 0.051863857374392384
1 0.462985031938221 0.6564019448946518 0.039684431308990326 0.051863857374392384
1 0.5313304414148156 0.6531604538087522 0.039684431308990326 0.051863857374392384
1 0.4707014491371913 0.9740680713128037 0.039684431308990326 0.051863857374392384
1 0.558889074268281 0.5559157212317668 0.039684431308990326 0.051863857374392384
1 0.5214093335875679 0.5672609400324151 0.039684431308990326 0.051863857374392384
1 0.4233006006292306 0.5688816855753648 0.039684431308990326 0.051863857374392384
1 0.4673944131947755 0.5980551053484604 0.039684431308990326 0.051863857374392384
1 0.6007781962055486 0.620745542949757 0.039684431308990326 0.051863857374392384
1 0.5864477071217465 0.766612641815235 0.039684431308990326 0.051863857374392384
1 0.5621961102106969 0.8022690437601299 0.039684431308990326 0.051863857374392384
1 0.526921060158261 0.8119935170178283 0.039684431308990326 0.051863857374392384
1 0.5346374773572313 0.7649918962722854 0.039684431308990326 0.051863857374392384
1 0.56770783678139 0.6661264181523504 0.039684431308990326 0.051863857374392384
1 0.5732195633520831 0.614262560777958 0.039684431308990326 0.051863857374392384
1 0.53573982267137 0.6077795786061589 0.039684431308990326 0.051863857374392384
1 0.47731552102202307 0.6969205834683956 0.039684431308990326 0.051863857374392384
1 0.5401492039279245 0.7115072933549433 0.039684431308990326 0.051863857374392384
1 0.4221982553150919 0.7050243111831443 0.039684431308990326 0.051863857374392384
1 0.6217227571741825 0.7034035656401946 0.039684431308990326 0.051863857374392384
1 0.6217227571741825 0.7406807131280391 0.039684431308990326 0.051863857374392384
1 0.5974711602631328 0.9238249594813616 0.039684431308990326 0.051863857374392384
1 0.6702259509962818 0.5834683954619126 0.039684431308990326 0.051863857374392384
1 0.6294391743731528 0.5656401944894653 0.039684431308990326 0.051863857374392384
1 0.5963688149489942 0.5559157212317668 0.039684431308990326 0.051863857374392384
1 0.6239274478024597 0.5834683954619126 0.039684431308990326 0.051863857374392384
1 0.6514860806559253 0.614262560777958 0.039684431308990326 0.051863857374392384
1 0.6393602822004004 0.6677471636952999 0.039684431308990326 0.051863857374392384
1 0.6636118791114501 0.7082658022690438 0.039684431308990326 0.051863857374392384
1 0.5302280961006769 0.9448946515397083 0.039684431308990326 0.051863857374392384
1 0.553377347697588 0.9189627228525122 0.039684431308990326 0.051863857374392384
1 0.626132138430737 0.8038897893030795 0.039684431308990326 0.051863857374392384
1 0.6073922680903804 0.847649918962723 0.039684431308990326 0.051863857374392384
1 0.5610937648965583 0.8654781199351703 0.039684431308990326 0.051863857374392384
1 0.6680212603680046 0.7552674230145868 0.039684431308990326 0.051863857374392384
1 0.6062899227762417 0.6709886547811996 0.039684431308990326 0.051863857374392384
1 0.6680212603680046 0.8184764991896273 0.039684431308990326 0.051863857374392384
1 0.7154221088759652 0.8995137763371153 0.039684431308990326 0.051863857374392384
1 0.7209338354466585 0.7260940032414913 0.039684431308990326 0.051863857374392384
1 0.6889658213366384 0.7244732576985417 0.039684431308990326 0.051863857374392384
1 0.6757376775669749 0.6645056726094006 0.039684431308990326 0.051863857374392384
1 0.7021939651063017 0.6418152350081039 0.039684431308990326 0.051863857374392384
1 0.6977845838497474 0.7990275526742303 0.039684431308990326 0.051863857374392384
1 0.576526599294499 0.7163695299837926 0.039684431308990326 0.051863857374392384
1 0.7495948136142626 0.9173419773095628 0.039684431308990326 0.051863857374392384
1 0.7429807417294308 0.8330632090761754 0.039684431308990326 0.051863857374392384
1 0.649281390027648 0.920583468395462 0.039684431308990326 0.051863857374392384
1 0.6867611307083611 0.8703403565640199 0.039684431308990326 0.051863857374392384
1 0.6481790447135094 0.8816855753646681 0.039684431308990326 0.051863857374392384
1 0.6592024978548956 0.9740680713128037 0.039684431308990326 0.051863857374392384
1 0.7110127276194107 0.9448946515397083 0.039684431308990326 0.051863857374392384
1 0.6151086852893507 0.9740680713128037 0.039684431308990326 0.051863857374392384
1 0.5688101820955287 0.9546191247974071 0.039684431308990326 0.051863857374392384
1 0.05732195633520829 0.5802269043760132 0.039684431308990326 0.051863857374392384
1 0.7297525979597672 0.7844408427876826 0.039684431308990326 0.051863857374392384
1 0.09149466107350555 0.5834683954619128 0.039684431308990326 0.051863857374392384
1 0.07936886261798072 0.635332252836305 0.039684431308990326 0.051863857374392384
1 0.028660978167604136 0.6223662884927069 0.039684431308990326 0.051863857374392384
1 0.04409381256554483 0.5380875202593195 0.039684431308990326 0.051863857374392384
1 0.019842215654495163 0.541329011345219 0.039684431308990326 0.051863857374392384
1 0.019842215654495166 0.5737439222042142 0.039684431308990326 0.051863857374392384
1 0.04078677662312897 0.6547811993517021 0.039684431308990326 0.051863857374392384
1 0.019842215654495163 0.6677471636953001 0.039684431308990326 0.051863857374392384
1 0.10802984078558488 0.6239870340356567 0.039684431308990326 0.051863857374392384
1 0.019842215654495163 0.5056726094003244 0.039684431308990326 0.051863857374392384
1 0.03747974068071311 0.5056726094003244 0.039684431308990326 0.051863857374392384
1 0.06724306416245589 0.5202593192868722 0.039684431308990326 0.051863857374392384
1 0.1411002002097435 0.6320907617504055 0.039684431308990326 0.051863857374392384
