1 0.09894057057752359 0.6839546191247975 0.19302516223099694 0.36304700162074544
1 0.2343009830854239 0.7382495948136142 0.16510328341770805 0.36790923824959487
1 0.37573136924838707 0.6029173419773096 0.3362765404904789 0.16855753646677477
1 0.28225377496042 0.5786061588330632 0.11290150998416802 0.39870340356564016
1 0.4819559082119861 0.36709886547811993 0.21851905158226068 0.3192868719611021
1 0.6252072864714681 0.28119935170178284 0.30592667221516495 0.16369529983792547
1 0.8133764697784147 0.36628849270664504 0.1044035468670802 0.4019448946515397
1 0.790310569889176 0.5275526742301457 0.31321064060124026 0.1410048622366292
1 0.8538794640901602 0.6377633711507295 0.29224107181967773 0.23500810372771525
1 0.6379542311470999 0.7374392220421394 0.31685262479427806 0.2171799027552674
1 0.6931909914081713 0.7990275526742302 0.21123508319618536 0.35656401944894645
1 0.8103414829508833 0.7957860615883305 0.27557680393985096 0.3047001620745543
1 0.48741888450154247 0.8314424635332253 0.17360124653479594 0.29173419773095616
1 0.4212561716613581 0.7333873581847651 0.3107826511392152 0.22204213938411668
1 0.7162568912974099 0.6045380875202594 0.2962147143670644 0.25931928687196115
1 0.6689110967879202 0.38006482982171796 0.35448646145566726 0.23176661264181522
