1 0.2030326203574771 0.9513776337115073 0.37576186454219646 0.09724473257698535
1 0.2070730705138448 0.8411669367909238 0.3737416394640125 0.10372771474878434
1 0.20656801424429883 0.7244732576985413 0.36869107676855295 0.09400324149108584
1 0.20757812678339074 0.6077795786061588 0.36465062661218517 0.10048622366288498
1 0.20606295797475288 0.4854132901134522 0.3616202889949094 0.09238249594813625
1 0.20909329559202863 0.36628849270664504 0.3575798388385417 0.10696920583468394
1 0.2111135206702125 0.2455429497568882 0.3616202889949095 0.0988654781199352
1 0.20858823932248272 0.12641815235008103 0.36061017645581755 0.10372771474878441
1 0.21161857693975847 0.025121555915721232 0.36061017645581755 0.050243111831442464
1 0.5656630218914784 0.037277147487844414 0.25656858492934925 0.07455429497568883
1 0.5661680781610245 0.13695299837925445 0.25959892254662525 0.09886547811993518
1 0.5656630218914784 0.239870340356564 0.24848768461661372 0.09400324149108588
1 0.5757641472823978 0.34359805510534847 0.25252813477298147 0.09724473257698538
1 0.5681883032392082 0.45461912479740685 0.2535382473120733 0.09886547811993524
1 0.5656630218914784 0.5607779578606159 0.2505079096947977 0.10372771474878455
1 0.5636427968132947 0.6677471636952999 0.2505079096947976 0.09724473257698542
1 0.5636427968132947 0.7714748784440841 0.24646745953843 0.10048622366288479
1 0.5621276280046567 0.8768233387358185 0.2474775720775218 0.11021069692058362
1 0.5616225717351107 0.9683954619124796 0.2565685849293491 0.06320907617504058
1 0.8666765585408723 0.9554294975688816 0.2626292601639007 0.0891410048622366
1 0.8636462209235967 0.8476499189627228 0.2626292601639007 0.1231766612641816
1 0.8575855456890449 0.7244732576985413 0.26060903508571687 0.11345218800648298
1 0.8636462209235967 0.6045380875202594 0.2686899353984522 0.11669367909238254
1 0.8631411646540506 0.48379254457050247 0.2656595977811766 0.11507293354943272
1 0.8631411646540507 0.35980551053484605 0.26161914762480876 0.119935170178282
1 0.8631411646540507 0.23014586709886548 0.2636393727029926 0.11345218800648298
1 0.8646563334626884 0.1126418152350081 0.26666971032026837 0.11183144246353321
1 0.8666708516903688 0.02674230145867099 0.2666582966192615 0.05348460291734198
