1 0.19719364385878374 0.3760129659643435 0.15582059051511524 0.23987034035656396
1 0.3197008667465295 0.5056726094003241 0.15582059051511524 0.23987034035656396
1 0.255223381016137 0.7568881685575364 0.15582059051511524 0.23987034035656396
1 0.42179021915298426 0.6499189627228524 0.15582059051511524 0.23987034035656396
1 0.4164170953421181 0.9149108589951376 0.15582059051511524 0.1701782820097245
1 0.49808857726728206 0.7536466774716369 0.15582059051511524 0.23987034035656396
1 0.6152226763441618 0.8800648298217181 0.15582059051511524 0.23987034035656396
1 0.5314019448946515 0.34521880064829813 0.15582059051511524 0.23987034035656396
1 0.585133183003312 0.1377633711507293 0.15582059051511524 0.23987034035656396
1 0.6829240363610739 0.299837925445705 0.15582059051511524 0.23987034035656396
1 0.7130135297019237 0.5218800648298216 0.15582059051511524 0.23987034035656396
1 0.8355207525896695 0.5753646677471637 0.15582059051511524 0.23987034035656396
1 0.8226252554435911 0.3322528363047001 0.15582059051511524 0.23987034035656396
1 0.5163571982242267 0.5024311183144247 0.8908639278415897 0.9951377633711508
