1 0.3962722852512155 0.5729335494327391 0.2382495948136142 0.35170178282009723
1 0.23014586709886545 0.31766612641815234 0.14262560777957858 0.11993517017828208
1 0.46839546191247977 0.29821717990275526 0.20421393841166938 0.3047001620745543
1 0.612641815235008 0.25202593192868716 0.2722852512155592 0.2706645056726094
1 0.785251215559157 0.260129659643436 0.10534846029173422 0.299837925445705
1 0.8427876823338736 0.7504051863857374 0.16207455429497572 0.21717990275526744
1 0.8670988654781199 0.5988654781199352 0.1685575364667747 0.09562398703403559
1 0.6150729335494328 0.6636952998379254 0.23500810372771483 0.31928687196110195
1 0.4700162074554295 0.6726094003241491 0.2495948136142625 0.36304700162074555
1 0.6239870340356564 0.43922204213938415 0.31118314424635335 0.12317666126418153
