1 0.3549334907295751 0.6560556523148299 0.12913258427383312 0.4115258215182997
1 0.35846517772306824 0.579059977922399 0.06335627440006604 0.32560578553732816
1 0.6206880396217812 0.8545867202238577 0.06335627440006604 0.32560578553732816
1 0.6741038077863337 0.9161750508559485 0.06335627440006604 0.32560578553732816
1 0.7323755548749367 0.919416541941848 0.06335627440006604 0.32560578553732816
1 0.810478671310726 0.9221193737329777 0.07631112901216204 0.3310114491195879
1 0.8748203920543918 0.9188778826470784 0.07631112901216204 0.3310114491195879
1 0.676531797248359 0.846482992509109 0.06335627440006604 0.32560578553732816
1 0.7517994705711376 0.846482992509109 0.06335627440006604 0.32560578553732816
1 0.8258531491629038 0.846482992509109 0.06335627440006604 0.32560578553732816
