1 0.13325678401406338 0.8282009724473258 0.11720174979550156 0.2528363047001622
1 0.04174308896826082 0.758508914100486 0.08348617793652165 0.2204213938411673
1 0.08188067451466546 0.5964343598055105 0.08348617793652165 0.2204213938411673
1 0.13245403230313524 0.4278768233387358 0.11077973610807682 0.2204213938411671
1 0.07305040569445642 0.2536466774716368 0.12201826006107011 0.23824959481361463
1 0.24724752696585256 0.2682333873581846 0.11238523952993296 0.2252836304700166
1 0.3471901149764001 0.2414910858995136 0.12603201861571053 0.2722852512155595
1 0.22838286175904232 0.45786061588330607 0.0939219501785869 0.20907617504051895
1 0.17138749028314776 0.6118314424635329 0.0939219501785869 0.20907617504051895
1 0.2757452127037998 0.6215559157212315 0.0939219501785869 0.20907617504051895
1 0.23962138571203564 0.791734197730956 0.0939219501785869 0.20907617504051895
1 0.3479928666873282 0.751215559157212 0.0939219501785869 0.20907617504051895
1 0.32391031535948533 0.46596434359805483 0.0939219501785869 0.20907617504051895
1 0.173795745415932 0.1596434359805508 0.0939219501785869 0.20907617504051895
1 0.3022360191644266 0.06239870340356577 0.09392195017858686 0.12479740680713154
1 0.4230501516591044 0.05915721231766626 0.12844027374849493 0.11831442463533252
1 0.46399048891643707 0.19692058346839558 0.12201826006107025 0.2447325769854136
1 0.4350914273230259 0.3768233387358187 0.09793570873322728 0.19286871961102137
1 0.42425427922549724 0.5826580226904376 0.15011456994355285 0.2544570502431117
1 0.6911692231090873 0.8192868719611022 0.12201826006107025 0.2447325769854136
1 0.5306188809234686 0.3468395461912481 0.09954121215508384 0.19773095623987064
1 0.6405958653206174 0.3938411669367911 0.09954121215508384 0.19773095623987064
1 0.5129583432830508 0.7520259319286873 0.09954121215508384 0.19773095623987064
1 0.8565360755602743 0.7666126418152353 0.09954121215508384 0.19773095623987064
1 0.8236232554122228 0.21231766612641834 0.11238523952993312 0.2333873581847653
1 0.7489673462959101 0.3533225283630472 0.11238523952993312 0.2333873581847653
1 0.8798158751771894 0.5445705024311185 0.11238523952993312 0.2333873581847653
1 0.7883021801313866 0.5721231766612643 0.11238523952993312 0.2333873581847653
1 0.6927747265309436 0.5915721231766614 0.11238523952993312 0.2333873581847653
1 0.5876142523993635 0.19935170178282027 0.11238523952993312 0.2333873581847653
1 0.687958216265375 0.13614262560777976 0.11238523952993312 0.2333873581847653
1 0.7931186903969545 0.9173419773095622 0.112385239529933 0.16531604538087513
1 0.5346326394781094 0.07536466774716383 0.09954121215508387 0.15072933549432765
1 0.4326831721902413 0.8460291734197734 0.09954121215508384 0.19773095623987064
1 0.4985088124863452 0.9351701782820097 0.09954121215508384 0.12965964343598074
1 0.4037841105968302 0.9351701782820097 0.09954121215508384 0.12965964343598074
1 0.20871544484130375 0.9351701782820097 0.09954121215508384 0.12965964343598074
1 0.3082566569963872 0.9286871961102108 0.09954121215508384 0.14262560777957878
1 0.10917423268622023 0.06482982171799037 0.09954121215508384 0.12965964343598074
1 0.20871544484130375 0.032414910858995234 0.09954121215508384 0.06482982171799047
1 0.9159397021689535 0.9351701782820097 0.09954121215508384 0.12965964343598074
1 0.5635317010715206 0.5332252836304697 0.1605503421856188 0.2690437601296601
1 0.6118904472647284 0.7898167095336054 0.09954121215508377 0.31928687196110234
1 0.8894488957083264 0.3468395461912481 0.11238523952993312 0.2333873581847653
1 0.9438073802350334 0.6661264181523502 0.11238523952993312 0.2333873581847653
