1 0.13171842831486266 0.5996758508914101 0.19545315169302202 0.4116693679092382
1 0.21244907792719786 0.2779578606158833 0.143251378259482 0.30307941653160453
1 0.2877167512499766 0.5842787682333873 0.184527199113909 0.42625607779578617
1 0.40668823488920736 0.6807131280388978 0.16995926234175826 0.4278768233387358
1 0.5499396131486894 0.6547811993517019 0.19909513588605968 0.44084278768233387
1 0.35266546935914844 0.26985413290113447 0.14689336245251966 0.3095623987034035
1 0.4607110004192662 0.28038897893030795 0.14932135191454476 0.2982171799027553
1 0.603355381313242 0.26823338735818475 0.21851905158226068 0.33549432739059964
1 0.7514627384967743 0.413290113452188 0.08740762063290453 0.20097244732576988
1 0.7429647753796861 0.7358184764991897 0.1529633361075824 0.2074554294975689
1 0.7466067595727239 0.8606158833063208 0.16510328341770802 0.1393841166936791
1 0.8710412195015113 0.7106969205834684 0.1298974362183438 0.23500810372771483
1 0.9396319218037209 0.5299837925445705 0.10197555740505507 0.23338735818476494
1 0.8643642484809422 0.41166936790923825 0.11168751525315543 0.2171799027552675
1 0.8103414829508833 0.5834683954619124 0.13475341514239403 0.11993517017828197
1 0.6919769966771588 0.6296596434359806 0.08012365224682881 0.1896272285251216
1 0.8643642484809422 0.2730956239870341 0.12139947310125593 0.1928687196110211
1 0.9408459165347334 0.33306320907617504 0.10683153632910518 0.19935170178282008
1 0.718684880759435 0.26580226904376014 0.1092595257911303 0.1880064829821718
