1 0.39582142330926773 0.43030794165316044 0.03667010461175778 0.05672609400324149
1 0.40229261824075435 0.3719611021069692 0.03667010461175778 0.05672609400324149
1 0.44219832031825546 0.3573743922204214 0.03667010461175778 0.05672609400324149
1 0.379643435980551 0.373581847649919 0.03667010461175778 0.05672609400324149
1 0.670847207897451 0.5275526742301458 0.03667010461175778 0.05672609400324149
1 0.37640783851480775 0.48217179902755264 0.03667010461175778 0.05672609400324149
1 0.36885811109474 0.6296596434359806 0.03667010461175778 0.05672609400324149
1 0.3483659938116988 0.6717990275526742 0.03667010461175778 0.05672609400324149
1 0.3505230587888611 0.7820097244732577 0.03667010461175778 0.05672609400324149
1 0.32787387652865774 0.7414910858995136 0.03667010461175778 0.05672609400324149
1 0.23404155002210106 0.6345218800648298 0.03667010461175778 0.05672609400324149
1 0.1952143804331811 0.600486223662885 0.03667010461175778 0.05672609400324149
1 0.23188448504493883 0.5291734197730956 0.03667010461175778 0.05672609400324149
1 0.5716222189479889 0.3881685575364668 0.03667010461175778 0.05672609400324149
1 0.5338735818476499 0.4092382495948136 0.03667010461175778 0.05672609400324149
1 0.44435538529541774 0.4011345218800648 0.03667010461175778 0.05672609400324149
1 0.42494180050095776 0.45137763371150735 0.03667010461175778 0.05672609400324149
1 0.4767113599528511 0.44003241491085904 0.03667010461175778 0.05672609400324149
1 0.3613083836746722 0.559967585089141 0.03667010461175778 0.05672609400324149
1 0.38503609842345665 0.5696920583468396 0.03667010461175778 0.05672609400324149
1 0.36454398114041553 0.5032414910858996 0.03667010461175778 0.05672609400324149
1 0.3753293060262266 0.5210696920583469 0.03667010461175778 0.05672609400324149
1 0.4853396198615 0.5437601296596434 0.03667010461175778 0.05672609400324149
1 0.4519051127154855 0.5567260940032415 0.03667010461175778 0.05672609400324149
1 0.4497480477383233 0.5940032414910859 0.03667010461175778 0.05672609400324149
1 0.428177397966701 0.6231766612641815 0.03667010461175778 0.05672609400324149
1 0.40984234566082217 0.5956239870340356 0.03667010461175778 0.05672609400324149
1 0.4184706055694711 0.5583468395461912 0.03667010461175778 0.05672609400324149
1 0.44327685280683665 0.47244732576985415 0.03667010461175778 0.05672609400324149
1 0.4788684249300133 0.4918962722852512 0.03667010461175778 0.05672609400324149
1 0.42278473552379553 0.5097244732576985 0.03667010461175778 0.05672609400324149
1 0.39689995579784887 0.5016207455429498 0.03667010461175778 0.05672609400324149
1 0.21139236776189776 0.4886547811993517 0.03667010461175778 0.05672609400324149
1 0.5176955945189333 0.5081037277147487 0.03667010461175778 0.05672609400324149
1 0.40984234566082217 0.713938411669368 0.03667010461175778 0.05672609400324149
1 0.4119994106379844 0.8128038897893031 0.03667010461175778 0.05672609400324149
1 0.3925858258435244 0.8209076175040518 0.03667010461175778 0.05672609400324149
1 0.3505230587888611 0.739870340356564 0.03667010461175778 0.05672609400324149
1 0.3882716958891999 0.679902755267423 0.03667010461175778 0.05672609400324149
1 0.5166170620303522 0.5437601296596434 0.03667010461175778 0.05672609400324149
1 0.5263238544275821 0.5875202593192868 0.03667010461175778 0.05672609400324149
1 0.49073228230440546 0.6134521880064828 0.03667010461175778 0.05672609400324149
1 0.4691616325327832 0.6247974068071311 0.03667010461175778 0.05672609400324149
1 0.5036746721673788 0.660453808752026 0.03667010461175778 0.05672609400324149
1 0.4400412553410933 0.705834683954619 0.03667010461175778 0.05672609400324149
1 0.47778989244143216 0.726904376012966 0.03667010461175778 0.05672609400324149
1 0.43464859289818775 0.7576985413290113 0.03667010461175778 0.05672609400324149
1 0.47131869750994554 0.7868719611021069 0.03667010461175778 0.05672609400324149
1 0.46376897008987766 0.6750405186385735 0.03667010461175778 0.05672609400324149
1 0.42602033298953884 0.6685575364667745 0.03667010461175778 0.05672609400324149
1 0.5791719463680566 0.5145867098865478 0.03667010461175778 0.05672609400324149
1 0.5694651539708265 0.5664505672609399 0.03667010461175778 0.05672609400324149
1 0.55328716664211 0.6361426256077795 0.03667010461175778 0.05672609400324149
1 0.5392662442905555 0.6701782820097244 0.03667010461175778 0.05672609400324149
1 0.5133814645646089 0.705834683954619 0.03667010461175778 0.05672609400324149
1 0.5306379843819066 0.7576985413290113 0.03667010461175778 0.05672609400324149
1 0.5759363489023133 0.48217179902755264 0.03667010461175778 0.05672609400324149
1 0.5554442316192723 0.4497568881685574 0.03667010461175778 0.05672609400324149
1 0.5392662442905555 0.48703403565640185 0.03667010461175778 0.05672609400324149
1 0.5230882569618389 0.465964343598055 0.03667010461175778 0.05672609400324149
1 0.6546692205687344 0.5648298217179902 0.03667010461175778 0.05672609400324149
1 0.6136849860026521 0.5486223662884927 0.03667010461175778 0.05672609400324149
1 0.6201561809341388 0.606969205834684 0.03667010461175778 0.05672609400324149
1 0.5888787387652866 0.6183144246353323 0.03667010461175778 0.05672609400324149
1 0.6018211286282599 0.6620745542949757 0.03667010461175778 0.05672609400324149
1 0.5694651539708265 0.6815235008103727 0.03667010461175778 0.05672609400324149
1 0.5727007514365698 0.7317666126418152 0.03667010461175778 0.05672609400324149
1 0.6557477530573155 0.4027552674230146 0.03667010461175778 0.05672609400324149
1 0.6363341682628555 0.34764991896272285 0.03667010461175778 0.05672609400324149
1 0.6061352585825843 0.3703403565640194 0.03667010461175778 0.05672609400324149
1 0.6179991159569765 0.4092382495948136 0.03667010461175778 0.05672609400324149
1 0.5931928687196111 0.4286871961102107 0.03667010461175778 0.05672609400324149
1 0.6481980256372478 0.43354943273905994 0.03667010461175778 0.05672609400324149
1 0.6503550906144099 0.47730956239870337 0.03667010461175778 0.05672609400324149
1 0.6827110652718433 0.47244732576985415 0.03667010461175778 0.05672609400324149
1 0.6406482982171798 0.5162074554294975 0.03667010461175778 0.05672609400324149
1 0.68918226020333 0.29740680713128037 0.03667010461175778 0.05672609400324149
1 0.661140415500221 0.3573743922204214 0.03667010461175778 0.05672609400324149
1 0.7139885074406955 0.4141004862236629 0.03667010461175778 0.05672609400324149
1 0.6956534551348166 0.4351701782820097 0.03667010461175778 0.05672609400324149
1 0.7118314424635334 0.47893030794165314 0.03667010461175778 0.05672609400324149
1 0.7334020922351554 0.3833063209076175 0.03667010461175778 0.05672609400324149
1 0.6999675850891411 0.3752025931928687 0.03667010461175778 0.05672609400324149
1 0.6212347134227199 0.4740680713128039 0.03667010461175778 0.05672609400324149
