0 0.9196777576508722 0.6547811993517019 0.119506149299266 0.5575364667747165
0 0.8365430450948614 0.5551053484602917 0.0917945784472623 0.773095623987034
0 0.7607692185464137 0.5858995137763371 0.0961245113928878 0.7277147487844409
0 0.6875933517653414 0.5251215559157212 0.09525852480376258 0.8557536466774716
0 0.6105205453332063 0.48946515397082657 0.11777417612101573 0.9173419773095624
0 0.5399426383195093 0.5786061588330632 0.12903200177964216 0.7844408427876823
0 0.42086948231480603 0.5291734197730956 0.1489496933295198 0.8865478119935171
0 0.3052602726666031 0.5551053484602917 0.14288778720564402 0.8865478119935171
0 0.21000174786284048 0.5850891410048622 0.1342279213143929 0.7714748784440844
0 0.1376918676708933 0.5526742301458671 0.1160422029427654 0.8168557536466775
0 0.06278402771157085 0.5542949756888168 0.10824832364063941 0.7455429497568881
