2 0.08196846913216443 0.6353322528363047 0.08628259908648889 0.4991896272285251
2 0.17310446441726832 0.6353322528363047 0.07657580668925888 0.4764991896272286
2 0.26477972594666277 0.6418152350081037 0.08304700162074553 0.4764991896272286
2 0.3575335199646383 0.640194489465154 0.07657580668925888 0.4732576985413291
2 0.45028731398261385 0.640194489465154 0.0852040665979078 0.4862236628849271
2 0.5419625755120083 0.6491085899513775 0.0808899366435832 0.4846029173419773
2 0.6304022395756594 0.646677471636953 0.07441874171209661 0.4829821717990276
2 0.7204597023721823 0.6385737439222042 0.08196846913216448 0.4829821717990276
2 0.8191454250773538 0.6458670988654781 0.08736113157506992 0.5040518638573743
2 0.9113599528510388 0.6426256077795786 0.08628259908648886 0.5008103727714749
